0.000 0.000 0.250 0.000 0.000 0.000 0.000 0.000 0.000
0.000 0.000 0.250 0.000 0.000 0.000 0.000 0.000 0.020
0.000 0.000 0.250 0.000 0.000 0.001 0.000 0.000 0.038
0.000 0.000 0.250 0.000 0.000 0.003 0.000 0.000 0.056
0.000 0.000 0.250 0.000 0.000 0.005 0.000 0.000 0.074
0.000 0.000 0.250 0.000 0.000 0.008 0.000 0.000 0.090
0.000 0.000 0.251 0.000 0.000 0.011 0.000 0.000 0.106
0.000 0.000 0.251 0.000 0.000 0.015 0.000 0.000 0.121
0.000 0.000 0.252 0.000 0.000 0.019 0.000 0.000 0.135
0.000 0.000 0.252 0.000 0.000 0.024 0.000 0.000 0.149
0.000 0.000 0.253 0.000 0.000 0.029 0.000 0.000 0.162
0.000 0.000 0.254 0.000 0.000 0.035 0.000 0.000 0.174
0.000 0.000 0.256 0.000 0.000 0.041 0.000 0.000 0.185
0.000 0.000 0.257 0.000 0.000 0.047 0.000 0.000 0.196
0.000 0.000 0.259 0.000 0.000 0.054 0.000 0.000 0.206
0.000 0.000 0.261 0.000 0.000 0.061 0.000 0.000 0.216
0.000 0.000 0.263 0.000 0.000 0.068 0.000 0.000 0.225
0.000 0.000 0.265 0.000 0.000 0.076 0.000 0.000 0.233
0.000 0.000 0.268 0.000 0.000 0.083 0.000 0.000 0.241
0.000 0.000 0.271 0.000 0.000 0.092 0.000 0.000 0.248
0.000 0.000 0.274 0.000 0.000 0.100 0.000 0.000 0.254
0.000 0.000 0.277 0.000 0.000 0.109 0.000 0.000 0.260
0.000 0.000 0.281 0.000 0.000 0.117 0.000 0.000 0.265
0.000 0.000 0.285 0.000 0.000 0.126 0.000 0.000 0.270
0.000 0.000 0.290 0.000 0.000 0.135 0.000 0.000 0.274
0.000 0.000 0.294 0.000 0.000 0.144 0.000 0.000 0.278
0.000 0.000 0.299 0.000 0.000 0.154 0.000 0.000 0.281
0.000 0.000 0.304 0.000 0.000 0.163 0.000 0.000 0.283
0.000 0.000 0.310 0.000 0.000 0.173 0.000 0.000 0.285
0.000 0.000 0.316 0.000 0.000 0.182 0.000 0.000 0.287
0.000 0.000 0.322 0.000 0.000 0.192 0.000 0.000 0.288
0.000 0.000 0.329 0.000 0.000 0.201 0.000 0.000 0.289
0.000 0.000 0.336 0.000 0.000 0.211 0.000 0.000 0.289
0.000 0.000 0.343 0.000 0.000 0.221 0.000 0.000 0.288
0.000 0.000 0.350 0.000 0.000 0.230 0.000 0.000 0.288
0.000 0.000 0.358 0.000 0.000 0.240 0.000 0.000 0.286
0.000 0.000 0.366 0.000 0.000 0.249 0.000 0.000 0.285
0.000 0.000 0.375 0.000 0.000 0.259 0.000 0.000 0.283
0.000 0.000 0.383 0.000 0.000 0.268 0.000 0.000 0.280
0.000 0.000 0.393 0.000 0.000 0.277 0.000 0.000 0.277
0.000 0.000 0.402 0.000 0.000 0.286 0.000 0.000 0.274
0.000 0.000 0.412 0.000 0.000 0.296 0.000 0.000 0.270
0.000 0.000 0.422 0.000 0.000 0.304 0.000 0.000 0.266
0.000 0.000 0.432 0.000 0.000 0.313 0.000 0.000 0.262
0.000 0.000 0.442 0.000 0.000 0.322 0.000 0.000 0.257
0.000 0.000 0.453 0.000 0.000 0.330 0.000 0.000 0.252
0.000 0.000 0.464 0.000 0.000 0.339 0.000 0.000 0.247
0.000 0.000 0.476 0.000 0.000 0.347 0.000 0.000 0.241
0.000 0.000 0.488 0.000 0.000 0.355 0.000 0.000 0.235
0.000 0.000 0.500 0.000 0.000 0.362 0.000 0.000 0.229
0.000 0.000 0.512 0.000 0.000 0.370 0.000 0.000 0.223
0.000 0.000 0.524 0.000 0.000 0.377 0.000 0.000 0.216
0.000 0.000 0.537 0.000 0.000 0.384 0.000 0.000 0.209
0.000 0.000 0.550 0.000 0.000 0.391 0.000 0.000 0.201
0.000 0.000 0.563 0.000 0.000 0.398 0.000 0.000 0.194
0.000 0.000 0.576 0.000 0.000 0.404 0.000 0.000 0.186
0.000 0.000 0.590 0.000 0.000 0.410 0.000 0.000 0.178
0.000 0.000 0.604 0.000 0.000 0.416 0.000 0.000 0.170
0.000 0.000 0.618 0.000 0.000 0.422 0.000 0.000 0.162
0.000 0.000 0.632 0.000 0.000 0.427 0.000 0.000 0.153
0.000 0.000 0.646 0.000 0.000 0.432 0.000 0.000 0.145
0.000 0.000 0.660 0.000 0.000 0.436 0.000 0.000 0.136
0.000 0.000 0.675 0.000 0.000 0.441 0.000 0.000 0.127
0.000 0.000 0.690 0.000 0.000 0.445 0.000 0.000 0.118
0.000 0.000 0.705 0.000 0.000 0.449 0.000 0.000 0.108
0.000 0.000 0.720 0.000 0.000 0.452 0.000 0.000 0.099
0.000 0.000 0.735 0.000 0.000 0.455 0.000 0.000 0.089
0.000 0.000 0.750 0.000 0.000 0.458 0.000 0.000 0.080
0.000 0.000 0.765 0.000 0.000 0.460 0.000 0.000 0.070
0.000 0.000 0.781 0.000 0.000 0.463 0.000 0.000 0.060
0.000 0.000 0.796 0.000 0.000 0.464 0.000 0.000 0.050
0.000 0.000 0.812 0.000 0.000 0.466 0.000 0.000 0.041
0.000 0.000 0.827 0.000 0.000 0.467 0.000 0.000 0.031
0.000 0.000 0.843 0.000 0.000 0.468 0.000 0.000 0.021
0.000 0.000 0.858 0.000 0.000 0.469 0.000 0.000 0.011
0.000 0.000 0.874 0.000 0.000 0.469 0.000 0.000 0.001
0.000 0.000 0.889 0.000 0.000 0.469 0.000 0.000 -0.009
0.000 0.000 0.905 0.000 0.000 0.468 0.000 0.000 -0.019
0.000 0.000 0.921 0.000 0.000 0.467 0.000 0.000 -0.029
0.000 0.000 0.936 0.000 0.000 0.466 0.000 0.000 -0.039
0.000 0.000 0.952 0.000 0.000 0.465 0.000 0.000 -0.049
0.000 0.000 0.967 0.000 0.000 0.463 0.000 0.000 -0.059
0.000 0.000 0.982 0.000 0.000 0.461 0.000 0.000 -0.069
0.000 0.000 0.998 0.000 0.000 0.458 0.000 0.000 -0.078
0.000 0.000 1.013 0.000 0.000 0.456 0.000 0.000 -0.088
0.000 0.000 1.028 0.000 0.000 0.453 0.000 0.000 -0.097
0.000 0.000 1.043 0.000 0.000 0.449 0.000 0.000 -0.107
0.000 0.000 1.058 0.000 0.000 0.445 0.000 0.000 -0.116
0.000 0.000 1.073 0.000 0.000 0.441 0.000 0.000 -0.125
0.000 0.000 1.087 0.000 0.000 0.437 0.000 0.000 -0.134
0.000 0.000 1.102 0.000 0.000 0.432 0.000 0.000 -0.143
0.000 0.000 1.116 0.000 0.000 0.428 0.000 0.000 -0.152
0.000 0.000 1.130 0.000 0.000 0.422 0.000 0.000 -0.160
0.000 0.000 1.144 0.000 0.000 0.417 0.000 0.000 -0.169
0.000 0.000 1.158 0.000 0.000 0.411 0.000 0.000 -0.177
0.000 0.000 1.172 0.000 0.000 0.405 0.000 0.000 -0.185
0.000 0.000 1.185 0.000 0.000 0.399 0.000 0.000 -0.193
0.000 0.000 1.198 0.000 0.000 0.392 0.000 0.000 -0.200
0.000 0.000 1.211 0.000 0.000 0.385 0.000 0.000 -0.208
0.000 0.000 1.224 0.000 0.000 0.378 0.000 0.000 -0.215
0.000 0.000 1.236 0.000 0.000 0.371 0.000 0.000 -0.222
0.000 0.000 1.249 0.000 0.000 0.364 0.000 0.000 -0.228
0.000 0.000 1.261 0.000 0.000 0.356 0.000 0.000 -0.234
0.000 0.000 1.272 0.000 0.000 0.348 0.000 0.000 -0.240
0.000 0.000 1.284 0.000 0.000 0.340 0.000 0.000 -0.246
0.000 0.000 1.295 0.000 0.000 0.332 0.000 0.000 -0.251
0.000 0.000 1.306 0.000 0.000 0.323 0.000 0.000 -0.257
0.000 0.000 1.317 0.000 0.000 0.315 0.000 0.000 -0.261
0.000 0.000 1.327 0.000 0.000 0.306 0.000 0.000 -0.266
0.000 0.000 1.337 0.000 0.000 0.297 0.000 0.000 -0.270
0.000 0.000 1.347 0.000 0.000 0.288 0.000 0.000 -0.273
0.000 0.000 1.356 0.000 0.000 0.279 0.000 0.000 -0.277
0.000 0.000 1.365 0.000 0.000 0.269 0.000 0.000 -0.280
0.000 0.000 1.374 0.000 0.000 0.260 0.000 0.000 -0.282
0.000 0.000 1.382 0.000 0.000 0.251 0.000 0.000 -0.284
0.000 0.000 1.391 0.000 0.000 0.241 0.000 0.000 -0.286
0.000 0.000 1.399 0.000 0.000 0.232 0.000 0.000 -0.287
0.000 0.000 1.406 0.000 0.000 0.222 0.000 0.000 -0.288
0.000 0.000 1.413 0.000 0.000 0.212 0.000 0.000 -0.289
0.000 0.000 1.420 0.000 0.000 0.203 0.000 0.000 -0.289
0.000 0.000 1.427 0.000 0.000 0.193 0.000 0.000 -0.288
0.000 0.000 1.433 0.000 0.000 0.184 0.000 0.000 -0.287
0.000 0.000 1.439 0.000 0.000 0.174 0.000 0.000 -0.286
0.000 0.000 1.445 0.000 0.000 0.165 0.000 0.000 -0.284
0.000 0.000 1.450 0.000 0.000 0.155 0.000 0.000 -0.281
0.000 0.000 1.455 0.000 0.000 0.146 0.000 0.000 -0.278
0.000 0.000 1.460 0.000 0.000 0.137 0.000 0.000 -0.275
0.000 0.000 1.464 0.000 0.000 0.128 0.000 0.000 -0.271
0.000 0.000 1.468 0.000 0.000 0.119 0.000 0.000 -0.266
0.000 0.000 1.472 0.000 0.000 0.110 0.000 0.000 -0.261
0.000 0.000 1.476 0.000 0.000 0.101 0.000 0.000 -0.255
0.000 0.000 1.479 0.000 0.000 0.093 0.000 0.000 -0.249
0.000 0.000 1.482 0.000 0.000 0.085 0.000 0.000 -0.242
0.000 0.000 1.484 0.000 0.000 0.077 0.000 0.000 -0.234
0.000 0.000 1.487 0.000 0.000 0.069 0.000 0.000 -0.226
0.000 0.000 1.489 0.000 0.000 0.062 0.000 0.000 -0.217
0.000 0.000 1.491 0.000 0.000 0.055 0.000 0.000 -0.208
0.000 0.000 1.493 0.000 0.000 0.048 0.000 0.000 -0.198
0.000 0.000 1.494 0.000 0.000 0.041 0.000 0.000 -0.187
0.000 0.000 1.495 0.000 0.000 0.035 0.000 0.000 -0.176
0.000 0.000 1.497 0.000 0.000 0.030 0.000 0.000 -0.164
0.000 0.000 1.497 0.000 0.000 0.025 0.000 0.000 -0.151
0.000 0.000 1.498 0.000 0.000 0.020 0.000 0.000 -0.137
0.000 0.000 1.499 0.000 0.000 0.015 0.000 0.000 -0.123
0.000 0.000 1.499 0.000 0.000 0.012 0.000 0.000 -0.108
0.000 0.000 1.500 0.000 0.000 0.008 0.000 0.000 -0.093
0.000 0.000 1.500 0.000 0.000 0.005 0.000 0.000 -0.076
0.000 0.000 1.500 0.000 0.000 0.003 0.000 0.000 -0.059
0.000 0.000 1.500 0.000 0.000 0.001 0.000 0.000 -0.041
0.000 0.000 1.500 0.000 0.000 0.000 0.000 0.000 -0.022
0.000 0.000 1.500 0.000 0.000 0.000 0.000 0.000 -0.003
0.000 0.000 1.500 0.000 0.000 0.000 0.000 0.000 0.000
0.000 0.000 1.500 0.014 0.015 0.000 0.834 0.885 0.000
0.001 0.001 1.500 0.054 0.057 0.000 1.501 1.580 0.000
0.004 0.004 1.500 0.113 0.119 0.000 2.015 2.102 0.000
0.009 0.009 1.500 0.186 0.195 0.000 2.393 2.467 0.000
0.016 0.017 1.500 0.271 0.281 0.000 2.648 2.693 0.000
0.027 0.028 1.500 0.362 0.373 0.000 2.796 2.796 0.000
0.041 0.042 1.500 0.456 0.466 0.000 2.851 2.794 0.000
0.057 0.059 1.500 0.551 0.558 0.000 2.828 2.703 0.000
0.077 0.079 1.500 0.644 0.646 0.000 2.743 2.541 0.000
0.100 0.102 1.500 0.733 0.727 0.000 2.609 2.324 0.000
0.126 0.128 1.500 0.817 0.800 0.000 2.441 2.069 0.000
0.155 0.155 1.500 0.895 0.864 0.000 2.255 1.793 0.000
0.186 0.185 1.500 0.967 0.919 0.000 2.066 1.513 0.000
0.219 0.216 1.500 1.033 0.965 0.000 1.882 1.240 0.000
0.254 0.249 1.500 1.092 1.002 0.000 1.703 0.975 0.000
0.292 0.283 1.500 1.146 1.030 0.000 1.531 0.718 0.000
0.331 0.318 1.500 1.194 1.050 0.000 1.365 0.469 0.000
0.371 0.353 1.500 1.237 1.061 0.000 1.205 0.229 0.000
0.413 0.388 1.500 1.275 1.065 0.000 1.050 -0.002 0.000
0.456 0.424 1.500 1.307 1.061 0.000 0.901 -0.224 0.000
0.500 0.459 1.500 1.335 1.050 0.000 0.758 -0.436 0.000
0.545 0.494 1.500 1.358 1.033 0.000 0.620 -0.638 0.000
0.590 0.528 1.500 1.376 1.008 0.000 0.488 -0.829 0.000
0.636 0.561 1.500 1.390 0.977 0.000 0.361 -1.010 0.000
0.683 0.593 1.500 1.400 0.941 0.000 0.239 -1.180 0.000
0.730 0.623 1.500 1.406 0.899 0.000 0.122 -1.339 0.000
0.776 0.652 1.500 1.408 0.852 0.000 0.010 -1.487 0.000
0.823 0.680 1.500 1.407 0.800 0.000 -0.096 -1.623 0.000
0.870 0.706 1.500 1.402 0.744 0.000 -0.198 -1.746 0.000
0.917 0.730 1.500 1.394 0.684 0.000 -0.295 -1.857 0.000
0.963 0.751 1.500 1.382 0.620 0.000 -0.388 -1.956 0.000
1.009 0.771 1.500 1.368 0.554 0.000 -0.475 -2.041 0.000
1.054 0.788 1.500 1.351 0.485 0.000 -0.559 -2.113 0.000
1.099 0.803 1.500 1.331 0.413 0.000 -0.637 -2.172 0.000
1.143 0.816 1.500 1.308 0.340 0.000 -0.712 -2.216 0.000
1.186 0.826 1.500 1.284 0.266 0.000 -0.782 -2.248 0.000
1.228 0.833 1.500 1.256 0.190 0.000 -0.848 -2.267 0.000
1.269 0.838 1.500 1.227 0.115 0.000 -0.909 -2.275 0.000
1.310 0.841 1.500 1.196 0.039 0.000 -0.967 -2.271 0.000
1.349 0.841 1.500 1.163 -0.036 0.000 -1.021 -2.257 0.000
1.387 0.839 1.500 1.128 -0.111 0.000 -1.071 -2.232 0.000
1.424 0.834 1.500 1.092 -0.185 0.000 -1.117 -2.199 0.000
1.460 0.826 1.500 1.054 -0.257 0.000 -1.160 -2.157 0.000
1.494 0.816 1.500 1.014 -0.328 0.000 -1.199 -2.108 0.000
1.527 0.804 1.500 0.974 -0.398 0.000 -1.234 -2.051 0.000
1.559 0.790 1.500 0.932 -0.465 0.000 -1.267 -1.987 0.000
1.589 0.773 1.500 0.889 -0.530 0.000 -1.295 -1.918 0.000
1.618 0.755 1.500 0.846 -0.593 0.000 -1.321 -1.843 0.000
1.646 0.734 1.500 0.802 -0.653 0.000 -1.343 -1.764 0.000
1.672 0.711 1.500 0.756 -0.710 0.000 -1.363 -1.681 0.000
1.696 0.687 1.500 0.711 -0.765 0.000 -1.379 -1.594 0.000
1.719 0.660 1.500 0.665 -0.816 0.000 -1.393 -1.505 0.000
1.740 0.632 1.500 0.618 -0.865 0.000 -1.403 -1.413 0.000
1.760 0.603 1.500 0.571 -0.910 0.000 -1.411 -1.321 0.000
1.778 0.572 1.500 0.524 -0.953 0.000 -1.417 -1.227 0.000
1.795 0.539 1.500 0.477 -0.992 0.000 -1.420 -1.134 0.000
1.810 0.506 1.500 0.430 -1.028 0.000 -1.420 -1.040 0.000
1.824 0.471 1.500 0.382 -1.061 0.000 -1.418 -0.947 0.000
1.836 0.435 1.500 0.335 -1.091 0.000 -1.414 -0.853 0.000
1.846 0.398 1.500 0.288 -1.118 0.000 -1.407 -0.760 0.000
1.855 0.361 1.500 0.241 -1.142 0.000 -1.399 -0.667 0.000
1.862 0.322 1.500 0.195 -1.163 0.000 -1.388 -0.575 0.000
1.868 0.283 1.500 0.149 -1.180 0.000 -1.376 -0.483 0.000
1.872 0.244 1.500 0.103 -1.195 0.000 -1.362 -0.392 0.000
1.875 0.204 1.500 0.058 -1.206 0.000 -1.346 -0.302 0.000
1.876 0.163 1.500 0.014 -1.215 0.000 -1.328 -0.212 0.000
1.876 0.123 1.500 -0.030 -1.220 0.000 -1.309 -0.124 0.000
1.874 0.082 1.500 -0.073 -1.223 0.000 -1.288 -0.036 0.000
1.871 0.041 1.500 -0.116 -1.223 0.000 -1.266 0.051 0.000
1.866 0.001 1.500 -0.158 -1.220 0.000 -1.242 0.136 0.000
1.860 -0.040 1.500 -0.199 -1.214 0.000 -1.218 0.220 0.000
1.853 -0.080 1.500 -0.239 -1.205 0.000 -1.192 0.303 0.000
1.844 -0.120 1.500 -0.278 -1.194 0.000 -1.165 0.384 0.000
1.835 -0.160 1.500 -0.316 -1.180 0.000 -1.137 0.464 0.000
1.823 -0.199 1.500 -0.354 -1.163 0.000 -1.108 0.541 0.000
1.811 -0.237 1.500 -0.390 -1.144 0.000 -1.078 0.618 0.000
1.797 -0.275 1.500 -0.425 -1.122 0.000 -1.048 0.692 0.000
1.783 -0.312 1.500 -0.460 -1.097 0.000 -1.017 0.764 0.000
1.767 -0.348 1.500 -0.493 -1.071 0.000 -0.986 0.835 0.000
1.750 -0.383 1.500 -0.525 -1.042 0.000 -0.954 0.903 0.000
1.732 -0.417 1.500 -0.557 -1.011 0.000 -0.922 0.969 0.000
1.713 -0.450 1.500 -0.587 -0.977 0.000 -0.889 1.033 0.000
1.693 -0.482 1.500 -0.616 -0.942 0.000 -0.857 1.094 0.000
1.672 -0.513 1.500 -0.644 -0.905 0.000 -0.824 1.153 0.000
1.650 -0.542 1.500 -0.671 -0.865 0.000 -0.791 1.209 0.000
1.627 -0.571 1.500 -0.697 -0.824 0.000 -0.758 1.262 0.000
1.604 -0.597 1.500 -0.721 -0.781 0.000 -0.726 1.313 0.000
1.579 -0.623 1.500 -0.745 -0.737 0.000 -0.693 1.361 0.000
1.554 -0.646 1.500 -0.767 -0.691 0.000 -0.661 1.405 0.000
1.528 -0.669 1.500 -0.789 -0.643 0.000 -0.630 1.447 0.000
1.501 -0.689 1.500 -0.809 -0.594 0.000 -0.599 1.486 0.000
1.474 -0.708 1.500 -0.829 -0.544 0.000 -0.568 1.521 0.000
1.446 -0.725 1.500 -0.847 -0.493 0.000 -0.538 1.553 0.000
1.418 -0.741 1.500 -0.865 -0.441 0.000 -0.509 1.581 0.000
1.389 -0.755 1.500 -0.881 -0.388 0.000 -0.481 1.606 0.000
1.359 -0.767 1.500 -0.897 -0.334 0.000 -0.454 1.627 0.000
1.329 -0.777 1.500 -0.911 -0.279 0.000 -0.428 1.645 0.000
1.298 -0.785 1.500 -0.925 -0.224 0.000 -0.403 1.659 0.000
1.267 -0.792 1.500 -0.938 -0.169 0.000 -0.379 1.668 0.000
1.236 -0.797 1.500 -0.951 -0.113 0.000 -0.356 1.674 0.000
1.204 -0.799 1.500 -0.962 -0.058 0.000 -0.334 1.676 0.000
1.172 -0.800 1.500 -0.973 -0.002 0.000 -0.313 1.673 0.000
1.139 -0.800 1.500 -0.983 0.054 0.000 -0.294 1.667 0.000
1.106 -0.797 1.500 -0.992 0.109 0.000 -0.275 1.656 0.000
1.073 -0.792 1.500 -1.001 0.164 0.000 -0.257 1.641 0.000
1.040 -0.786 1.500 -1.009 0.218 0.000 -0.240 1.623 0.000
1.006 -0.778 1.500 -1.017 0.272 0.000 -0.223 1.601 0.000
0.972 -0.768 1.500 -1.024 0.325 0.000 -0.208 1.575 0.000
0.938 -0.756 1.500 -1.031 0.377 0.000 -0.194 1.546 0.000
0.903 -0.743 1.500 -1.037 0.428 0.000 -0.180 1.514 0.000
0.869 -0.728 1.500 -1.043 0.478 0.000 -0.167 1.479 0.000
0.834 -0.711 1.500 -1.048 0.526 0.000 -0.154 1.440 0.000
0.799 -0.693 1.500 -1.053 0.574 0.000 -0.143 1.399 0.000
0.764 -0.673 1.500 -1.058 0.619 0.000 -0.132 1.355 0.000
0.728 -0.651 1.500 -1.062 0.664 0.000 -0.122 1.308 0.000
0.693 -0.629 1.500 -1.066 0.707 0.000 -0.112 1.259 0.000
0.657 -0.604 1.500 -1.070 0.748 0.000 -0.103 1.207 0.000
0.622 -0.579 1.500 -1.073 0.787 0.000 -0.094 1.153 0.000
0.586 -0.552 1.500 -1.076 0.824 0.000 -0.086 1.097 0.000
0.550 -0.524 1.500 -1.079 0.860 0.000 -0.078 1.039 0.000
0.514 -0.495 1.500 -1.081 0.894 0.000 -0.071 0.979 0.000
0.478 -0.464 1.500 -1.083 0.925 0.000 -0.064 0.917 0.000
0.442 -0.433 1.500 -1.085 0.955 0.000 -0.058 0.854 0.000
0.406 -0.401 1.500 -1.087 0.982 0.000 -0.052 0.789 0.000
0.370 -0.368 1.500 -1.089 1.007 0.000 -0.046 0.723 0.000
0.333 -0.334 1.500 -1.090 1.030 0.000 -0.041 0.655 0.000
0.297 -0.299 1.500 -1.092 1.051 0.000 -0.036 0.586 0.000
0.261 -0.264 1.500 -1.093 1.069 0.000 -0.031 0.516 0.000
0.224 -0.228 1.500 -1.094 1.085 0.000 -0.026 0.446 0.000
0.188 -0.192 1.500 -1.094 1.099 0.000 -0.022 0.374 0.000
0.151 -0.155 1.500 -1.095 1.110 0.000 -0.017 0.302 0.000
0.115 -0.118 1.500 -1.096 1.119 0.000 -0.013 0.230 0.000
0.078 -0.080 1.500 -1.096 1.125 0.000 -0.009 0.157 0.000
0.042 -0.043 1.500 -1.096 1.129 0.000 -0.005 0.083 0.000
0.005 -0.005 1.500 -1.096 1.131 0.000 -0.001 0.010 0.000
-0.031 0.033 1.500 -1.096 1.130 0.000 0.003 -0.064 0.000
-0.068 0.070 1.500 -1.096 1.127 0.000 0.007 -0.137 0.000
-0.104 0.108 1.500 -1.096 1.121 0.000 0.011 -0.210 0.000
-0.141 0.145 1.500 -1.095 1.113 0.000 0.015 -0.283 0.000
-0.177 0.182 1.500 -1.095 1.102 0.000 0.020 -0.355 0.000
-0.214 0.218 1.500 -1.094 1.089 0.000 0.024 -0.426 0.000
-0.250 0.254 1.500 -1.093 1.074 0.000 0.029 -0.497 0.000
-0.286 0.290 1.500 -1.092 1.056 0.000 0.033 -0.567 0.000
-0.323 0.324 1.500 -1.091 1.036 0.000 0.038 -0.636 0.000
-0.359 0.359 1.500 -1.090 1.014 0.000 0.044 -0.704 0.000
-0.395 0.392 1.500 -1.088 0.989 0.000 0.049 -0.771 0.000
-0.432 0.424 1.500 -1.086 0.962 0.000 0.055 -0.836 0.000
-0.468 0.456 1.500 -1.084 0.933 0.000 0.062 -0.900 0.000
-0.504 0.487 1.500 -1.082 0.902 0.000 0.068 -0.963 0.000
-0.540 0.516 1.500 -1.080 0.869 0.000 0.075 -1.023 0.000
-0.576 0.544 1.500 -1.077 0.834 0.000 0.083 -1.082 0.000
-0.611 0.572 1.500 -1.074 0.797 0.000 0.091 -1.138 0.000
-0.647 0.598 1.500 -1.071 0.758 0.000 0.099 -1.193 0.000
-0.683 0.622 1.500 -1.068 0.718 0.000 0.108 -1.245 0.000
-0.718 0.645 1.500 -1.064 0.676 0.000 0.118 -1.295 0.000
-0.754 0.667 1.500 -1.060 0.632 0.000 0.128 -1.342 0.000
-0.789 0.687 1.500 -1.055 0.586 0.000 0.139 -1.387 0.000
-0.824 0.706 1.500 -1.050 0.539 0.000 0.151 -1.429 0.000
-0.859 0.723 1.500 -1.045 0.491 0.000 0.163 -1.469 0.000
-0.894 0.739 1.500 -1.040 0.442 0.000 0.176 -1.505 0.000
-0.928 0.753 1.500 -1.034 0.391 0.000 0.189 -1.538 0.000
-0.962 0.765 1.500 -1.027 0.339 0.000 0.203 -1.568 0.000
-0.996 0.775 1.500 -1.020 0.286 0.000 0.219 -1.594 0.000
-1.030 0.784 1.500 -1.012 0.233 0.000 0.235 -1.617 0.000
-1.064 0.791 1.500 -1.004 0.179 0.000 0.251 -1.637 0.000
-1.097 0.796 1.500 -0.996 0.124 0.000 0.269 -1.652 0.000
-1.130 0.799 1.500 -0.986 0.069 0.000 0.288 -1.664 0.000
-1.163 0.800 1.500 -0.976 0.013 0.000 0.307 -1.672 0.000
-1.195 0.800 1.500 -0.966 -0.043 0.000 0.328 -1.675 0.000
-1.227 0.798 1.500 -0.955 -0.098 0.000 0.350 -1.675 0.000
-1.259 0.793 1.500 -0.943 -0.154 0.000 0.372 -1.670 0.000
-1.290 0.787 1.500 -0.930 -0.209 0.000 0.396 -1.662 0.000
-1.321 0.779 1.500 -0.916 -0.265 0.000 0.421 -1.649 0.000
-1.351 0.770 1.500 -0.902 -0.319 0.000 0.447 -1.632 0.000
-1.381 0.758 1.500 -0.886 -0.373 0.000 0.474 -1.612 0.000
-1.410 0.745 1.500 -0.870 -0.427 0.000 0.502 -1.588 0.000
-1.439 0.730 1.500 -0.853 -0.479 0.000 0.530 -1.561 0.000
-1.467 0.713 1.500 -0.835 -0.531 0.000 0.560 -1.530 0.000
-1.494 0.694 1.500 -0.816 -0.581 0.000 0.590 -1.495 0.000
-1.521 0.674 1.500 -0.796 -0.630 0.000 0.621 -1.458 0.000
-1.547 0.652 1.500 -0.774 -0.678 0.000 0.653 -1.417 0.000
-1.573 0.629 1.500 -0.752 -0.724 0.000 0.685 -1.373 0.000
-1.597 0.604 1.500 -0.729 -0.769 0.000 0.717 -1.326 0.000
-1.621 0.578 1.500 -0.704 -0.813 0.000 0.750 -1.276 0.000
-1.644 0.550 1.500 -0.679 -0.854 0.000 0.782 -1.224 0.000
-1.666 0.521 1.500 -0.652 -0.894 0.000 0.815 -1.168 0.000
-1.688 0.491 1.500 -0.625 -0.932 0.000 0.848 -1.110 0.000
-1.708 0.459 1.500 -0.596 -0.968 0.000 0.881 -1.049 0.000
-1.727 0.426 1.500 -0.566 -1.002 0.000 0.913 -0.986 0.000
-1.746 0.392 1.500 -0.535 -1.034 0.000 0.946 -0.921 0.000
-1.763 0.357 1.500 -0.503 -1.063 0.000 0.978 -0.853 0.000
-1.779 0.321 1.500 -0.470 -1.090 0.000 1.009 -0.784 0.000
-1.794 0.285 1.500 -0.436 -1.115 0.000 1.040 -0.712 0.000
-1.808 0.247 1.500 -0.401 -1.138 0.000 1.071 -0.638 0.000
-1.821 0.209 1.500 -0.364 -1.158 0.000 1.101 -0.562 0.000
-1.832 0.170 1.500 -0.327 -1.175 0.000 1.130 -0.485 0.000
-1.843 0.131 1.500 -0.289 -1.190 0.000 1.158 -0.406 0.000
-1.852 0.091 1.500 -0.250 -1.202 0.000 1.185 -0.325 0.000
-1.859 0.051 1.500 -0.210 -1.212 0.000 1.211 -0.243 0.000
-1.866 0.010 1.500 -0.169 -1.218 0.000 1.237 -0.159 0.000
-1.871 -0.030 1.500 -0.128 -1.222 0.000 1.260 -0.074 0.000
-1.874 -0.071 1.500 -0.085 -1.223 0.000 1.283 0.012 0.000
-1.876 -0.112 1.500 -0.042 -1.221 0.000 1.304 0.100 0.000
-1.877 -0.152 1.500 0.001 -1.217 0.000 1.324 0.188 0.000
-1.876 -0.193 1.500 0.046 -1.209 0.000 1.342 0.277 0.000
-1.874 -0.233 1.500 0.091 -1.198 0.000 1.359 0.368 0.000
-1.870 -0.273 1.500 0.136 -1.184 0.000 1.373 0.458 0.000
-1.865 -0.312 1.500 0.182 -1.168 0.000 1.386 0.550 0.000
-1.858 -0.350 1.500 0.229 -1.148 0.000 1.397 0.642 0.000
-1.850 -0.388 1.500 0.275 -1.125 0.000 1.407 0.735 0.000
-1.840 -0.425 1.500 0.322 -1.099 0.000 1.414 0.828 0.000
-1.828 -0.461 1.500 0.369 -1.070 0.000 1.418 0.921 0.000
-1.815 -0.496 1.500 0.417 -1.038 0.000 1.421 1.015 0.000
-1.800 -0.530 1.500 0.464 -1.002 0.000 1.421 1.108 0.000
-1.784 -0.563 1.500 0.511 -0.964 0.000 1.419 1.202 0.000
-1.766 -0.595 1.500 0.558 -0.922 0.000 1.414 1.295 0.000
-1.747 -0.625 1.500 0.605 -0.877 0.000 1.407 1.388 0.000
-1.726 -0.653 1.500 0.652 -0.830 0.000 1.397 1.479 0.000
-1.704 -0.680 1.500 0.698 -0.779 0.000 1.384 1.569 0.000
-1.679 -0.705 1.500 0.744 -0.725 0.000 1.369 1.657 0.000
-1.654 -0.728 1.500 0.790 -0.669 0.000 1.350 1.741 0.000
-1.627 -0.749 1.500 0.834 -0.609 0.000 1.329 1.822 0.000
-1.598 -0.769 1.500 0.878 -0.547 0.000 1.304 1.897 0.000
-1.568 -0.786 1.500 0.921 -0.483 0.000 1.276 1.969 0.000
-1.537 -0.801 1.500 0.963 -0.416 0.000 1.245 2.034 0.000
-1.504 -0.813 1.500 1.004 -0.348 0.000 1.210 2.092 0.000
-1.470 -0.824 1.500 1.044 -0.277 0.000 1.172 2.144 0.000
-1.435 -0.832 1.500 1.082 -0.205 0.000 1.130 2.188 0.000
-1.398 -0.837 1.500 1.119 -0.131 0.000 1.085 2.224 0.000
-1.360 -0.841 1.500 1.154 -0.057 0.000 1.036 2.251 0.000
-1.321 -0.841 1.500 1.188 0.018 0.000 0.983 2.267 0.000
-1.281 -0.839 1.500 1.220 0.094 0.000 0.927 2.274 0.000
-1.240 -0.835 1.500 1.249 0.170 0.000 0.866 2.270 0.000
-1.198 -0.828 1.500 1.277 0.245 0.000 0.801 2.254 0.000
-1.155 -0.819 1.500 1.303 0.320 0.000 0.732 2.226 0.000
-1.111 -0.807 1.500 1.326 0.393 0.000 0.659 2.185 0.000
-1.067 -0.792 1.500 1.347 0.465 0.000 0.581 2.130 0.000
-1.022 -0.776 1.500 1.365 0.535 0.000 0.499 2.062 0.000
-0.976 -0.757 1.500 1.380 0.602 0.000 0.413 1.980 0.000
-0.930 -0.736 1.500 1.392 0.667 0.000 0.321 1.886 0.000
-0.883 -0.713 1.500 1.401 0.728 0.000 0.226 1.778 0.000
-0.837 -0.687 1.500 1.407 0.785 0.000 0.125 1.658 0.000
-0.790 -0.660 1.500 1.409 0.838 0.000 0.020 1.526 0.000
-0.743 -0.632 1.500 1.408 0.886 0.000 -0.091 1.382 0.000
-0.696 -0.601 1.500 1.403 0.930 0.000 -0.206 1.225 0.000
-0.649 -0.570 1.500 1.394 0.968 0.000 -0.327 1.058 0.000
-0.603 -0.537 1.500 1.381 1.000 0.000 -0.453 0.880 0.000
-0.557 -0.503 1.500 1.364 1.026 0.000 -0.584 0.692 0.000
-0.512 -0.469 1.500 1.342 1.046 0.000 -0.720 0.492 0.000
-0.468 -0.433 1.500 1.316 1.059 0.000 -0.862 0.283 0.000
-0.425 -0.398 1.500 1.285 1.065 0.000 -1.010 0.064 0.000
-0.382 -0.363 1.500 1.249 1.063 0.000 -1.163 -0.164 0.000
-0.342 -0.327 1.500 1.207 1.054 0.000 -1.322 -0.402 0.000
-0.302 -0.292 1.500 1.161 1.036 0.000 -1.486 -0.649 0.000
-0.264 -0.258 1.500 1.108 1.011 0.000 -1.657 -0.903 0.000
-0.228 -0.225 1.500 1.050 0.976 0.000 -1.834 -1.166 0.000
-0.194 -0.193 1.500 0.986 0.933 0.000 -2.016 -1.438 0.000
-0.163 -0.164 1.500 0.916 0.880 0.000 -2.211 -1.724 0.000
-0.134 -0.135 1.500 0.839 0.818 0.000 -2.401 -2.003 0.000
-0.107 -0.109 1.500 0.756 0.747 0.000 -2.565 -2.254 0.000
-0.084 -0.086 1.500 0.668 0.668 0.000 -2.704 -2.477 0.000
-0.063 -0.064 1.500 0.576 0.583 0.000 -2.816 -2.670 0.000
-0.045 -0.046 1.500 0.481 0.491 0.000 -2.861 -2.787 0.000
-0.031 -0.032 1.500 0.387 0.398 0.000 -2.821 -2.806 0.000
-0.020 -0.020 1.500 0.295 0.306 0.000 -2.692 -2.724 0.000
-0.011 -0.011 1.500 0.208 0.218 0.000 -2.474 -2.541 0.000
-0.006 -0.005 1.500 0.131 0.138 0.000 -2.139 -2.225 0.000
-0.002 -0.002 1.500 0.068 0.071 0.000 -1.657 -1.740 0.000
-0.001 -0.000 1.500 0.023 0.024 0.000 -1.024 -1.084 0.000
-0.000 0.000 1.500 0.001 0.001 0.000 -0.239 -0.255 0.000
0.000 0.000 1.500 0.000 0.000 0.000 0.000 0.000 0.000
