0.000 0.000 0.250 0.000 0.000 0.000 0.000 0.000 0.000
0.000 0.000 0.250 0.000 0.000 0.000 0.000 0.000 0.020
0.000 0.000 0.250 0.000 0.000 0.001 0.000 0.000 0.038
0.000 0.000 0.250 0.000 0.000 0.003 0.000 0.000 0.056
0.000 0.000 0.250 0.000 0.000 0.005 0.000 0.000 0.074
0.000 0.000 0.250 0.000 0.000 0.008 0.000 0.000 0.090
0.000 0.000 0.251 0.000 0.000 0.011 0.000 0.000 0.106
0.000 0.000 0.251 0.000 0.000 0.015 0.000 0.000 0.121
0.000 0.000 0.252 0.000 0.000 0.019 0.000 0.000 0.135
0.000 0.000 0.252 0.000 0.000 0.024 0.000 0.000 0.149
0.000 0.000 0.253 0.000 0.000 0.029 0.000 0.000 0.162
0.000 0.000 0.254 0.000 0.000 0.035 0.000 0.000 0.174
0.000 0.000 0.256 0.000 0.000 0.041 0.000 0.000 0.185
0.000 0.000 0.257 0.000 0.000 0.047 0.000 0.000 0.196
0.000 0.000 0.259 0.000 0.000 0.054 0.000 0.000 0.206
0.000 0.000 0.261 0.000 0.000 0.061 0.000 0.000 0.216
0.000 0.000 0.263 0.000 0.000 0.068 0.000 0.000 0.225
0.000 0.000 0.265 0.000 0.000 0.076 0.000 0.000 0.233
0.000 0.000 0.268 0.000 0.000 0.083 0.000 0.000 0.241
0.000 0.000 0.271 0.000 0.000 0.092 0.000 0.000 0.248
0.000 0.000 0.274 0.000 0.000 0.100 0.000 0.000 0.254
0.000 0.000 0.277 0.000 0.000 0.109 0.000 0.000 0.260
0.000 0.000 0.281 0.000 0.000 0.117 0.000 0.000 0.265
0.000 0.000 0.285 0.000 0.000 0.126 0.000 0.000 0.270
0.000 0.000 0.290 0.000 0.000 0.135 0.000 0.000 0.274
0.000 0.000 0.294 0.000 0.000 0.144 0.000 0.000 0.278
0.000 0.000 0.299 0.000 0.000 0.154 0.000 0.000 0.281
0.000 0.000 0.304 0.000 0.000 0.163 0.000 0.000 0.283
0.000 0.000 0.310 0.000 0.000 0.173 0.000 0.000 0.285
0.000 0.000 0.316 0.000 0.000 0.182 0.000 0.000 0.287
0.000 0.000 0.322 0.000 0.000 0.192 0.000 0.000 0.288
0.000 0.000 0.329 0.000 0.000 0.201 0.000 0.000 0.289
0.000 0.000 0.336 0.000 0.000 0.211 0.000 0.000 0.289
0.000 0.000 0.343 0.000 0.000 0.221 0.000 0.000 0.288
0.000 0.000 0.350 0.000 0.000 0.230 0.000 0.000 0.288
0.000 0.000 0.358 0.000 0.000 0.240 0.000 0.000 0.286
0.000 0.000 0.366 0.000 0.000 0.249 0.000 0.000 0.285
0.000 0.000 0.375 0.000 0.000 0.259 0.000 0.000 0.283
0.000 0.000 0.383 0.000 0.000 0.268 0.000 0.000 0.280
0.000 0.000 0.393 0.000 0.000 0.277 0.000 0.000 0.277
0.000 0.000 0.402 0.000 0.000 0.286 0.000 0.000 0.274
0.000 0.000 0.412 0.000 0.000 0.296 0.000 0.000 0.270
0.000 0.000 0.422 0.000 0.000 0.304 0.000 0.000 0.266
0.000 0.000 0.432 0.000 0.000 0.313 0.000 0.000 0.262
0.000 0.000 0.442 0.000 0.000 0.322 0.000 0.000 0.257
0.000 0.000 0.453 0.000 0.000 0.330 0.000 0.000 0.252
0.000 0.000 0.464 0.000 0.000 0.339 0.000 0.000 0.247
0.000 0.000 0.476 0.000 0.000 0.347 0.000 0.000 0.241
0.000 0.000 0.488 0.000 0.000 0.355 0.000 0.000 0.235
0.000 0.000 0.500 0.000 0.000 0.362 0.000 0.000 0.229
0.000 0.000 0.512 0.000 0.000 0.370 0.000 0.000 0.223
0.000 0.000 0.524 0.000 0.000 0.377 0.000 0.000 0.216
0.000 0.000 0.537 0.000 0.000 0.384 0.000 0.000 0.209
0.000 0.000 0.550 0.000 0.000 0.391 0.000 0.000 0.201
0.000 0.000 0.563 0.000 0.000 0.398 0.000 0.000 0.194
0.000 0.000 0.576 0.000 0.000 0.404 0.000 0.000 0.186
0.000 0.000 0.590 0.000 0.000 0.410 0.000 0.000 0.178
0.000 0.000 0.604 0.000 0.000 0.416 0.000 0.000 0.170
0.000 0.000 0.618 0.000 0.000 0.422 0.000 0.000 0.162
0.000 0.000 0.632 0.000 0.000 0.427 0.000 0.000 0.153
0.000 0.000 0.646 0.000 0.000 0.432 0.000 0.000 0.145
0.000 0.000 0.660 0.000 0.000 0.436 0.000 0.000 0.136
0.000 0.000 0.675 0.000 0.000 0.441 0.000 0.000 0.127
0.000 0.000 0.690 0.000 0.000 0.445 0.000 0.000 0.118
0.000 0.000 0.705 0.000 0.000 0.449 0.000 0.000 0.108
0.000 0.000 0.720 0.000 0.000 0.452 0.000 0.000 0.099
0.000 0.000 0.735 0.000 0.000 0.455 0.000 0.000 0.089
0.000 0.000 0.750 0.000 0.000 0.458 0.000 0.000 0.080
0.000 0.000 0.765 0.000 0.000 0.460 0.000 0.000 0.070
0.000 0.000 0.781 0.000 0.000 0.463 0.000 0.000 0.060
0.000 0.000 0.796 0.000 0.000 0.464 0.000 0.000 0.050
0.000 0.000 0.812 0.000 0.000 0.466 0.000 0.000 0.041
0.000 0.000 0.827 0.000 0.000 0.467 0.000 0.000 0.031
0.000 0.000 0.843 0.000 0.000 0.468 0.000 0.000 0.021
0.000 0.000 0.858 0.000 0.000 0.469 0.000 0.000 0.011
0.000 0.000 0.874 0.000 0.000 0.469 0.000 0.000 0.001
0.000 0.000 0.889 0.000 0.000 0.469 0.000 0.000 -0.009
0.000 0.000 0.905 0.000 0.000 0.468 0.000 0.000 -0.019
0.000 0.000 0.921 0.000 0.000 0.467 0.000 0.000 -0.029
0.000 0.000 0.936 0.000 0.000 0.466 0.000 0.000 -0.039
0.000 0.000 0.952 0.000 0.000 0.465 0.000 0.000 -0.049
0.000 0.000 0.967 0.000 0.000 0.463 0.000 0.000 -0.059
0.000 0.000 0.982 0.000 0.000 0.461 0.000 0.000 -0.069
0.000 0.000 0.998 0.000 0.000 0.458 0.000 0.000 -0.078
0.000 0.000 1.013 0.000 0.000 0.456 0.000 0.000 -0.088
0.000 0.000 1.028 0.000 0.000 0.453 0.000 0.000 -0.097
0.000 0.000 1.043 0.000 0.000 0.449 0.000 0.000 -0.107
0.000 0.000 1.058 0.000 0.000 0.445 0.000 0.000 -0.116
0.000 0.000 1.073 0.000 0.000 0.441 0.000 0.000 -0.125
0.000 0.000 1.087 0.000 0.000 0.437 0.000 0.000 -0.134
0.000 0.000 1.102 0.000 0.000 0.432 0.000 0.000 -0.143
0.000 0.000 1.116 0.000 0.000 0.428 0.000 0.000 -0.152
0.000 0.000 1.130 0.000 0.000 0.422 0.000 0.000 -0.160
0.000 0.000 1.144 0.000 0.000 0.417 0.000 0.000 -0.169
0.000 0.000 1.158 0.000 0.000 0.411 0.000 0.000 -0.177
0.000 0.000 1.172 0.000 0.000 0.405 0.000 0.000 -0.185
0.000 0.000 1.185 0.000 0.000 0.399 0.000 0.000 -0.193
0.000 0.000 1.198 0.000 0.000 0.392 0.000 0.000 -0.200
0.000 0.000 1.211 0.000 0.000 0.385 0.000 0.000 -0.208
0.000 0.000 1.224 0.000 0.000 0.378 0.000 0.000 -0.215
0.000 0.000 1.236 0.000 0.000 0.371 0.000 0.000 -0.222
0.000 0.000 1.249 0.000 0.000 0.364 0.000 0.000 -0.228
0.000 0.000 1.261 0.000 0.000 0.356 0.000 0.000 -0.234
0.000 0.000 1.272 0.000 0.000 0.348 0.000 0.000 -0.240
0.000 0.000 1.284 0.000 0.000 0.340 0.000 0.000 -0.246
0.000 0.000 1.295 0.000 0.000 0.332 0.000 0.000 -0.251
0.000 0.000 1.306 0.000 0.000 0.323 0.000 0.000 -0.257
0.000 0.000 1.317 0.000 0.000 0.315 0.000 0.000 -0.261
0.000 0.000 1.327 0.000 0.000 0.306 0.000 0.000 -0.266
0.000 0.000 1.337 0.000 0.000 0.297 0.000 0.000 -0.270
0.000 0.000 1.347 0.000 0.000 0.288 0.000 0.000 -0.273
0.000 0.000 1.356 0.000 0.000 0.279 0.000 0.000 -0.277
0.000 0.000 1.365 0.000 0.000 0.269 0.000 0.000 -0.280
0.000 0.000 1.374 0.000 0.000 0.260 0.000 0.000 -0.282
0.000 0.000 1.382 0.000 0.000 0.251 0.000 0.000 -0.284
0.000 0.000 1.391 0.000 0.000 0.241 0.000 0.000 -0.286
0.000 0.000 1.399 0.000 0.000 0.232 0.000 0.000 -0.287
0.000 0.000 1.406 0.000 0.000 0.222 0.000 0.000 -0.288
0.000 0.000 1.413 0.000 0.000 0.212 0.000 0.000 -0.289
0.000 0.000 1.420 0.000 0.000 0.203 0.000 0.000 -0.289
0.000 0.000 1.427 0.000 0.000 0.193 0.000 0.000 -0.288
0.000 0.000 1.433 0.000 0.000 0.184 0.000 0.000 -0.287
0.000 0.000 1.439 0.000 0.000 0.174 0.000 0.000 -0.286
0.000 0.000 1.445 0.000 0.000 0.165 0.000 0.000 -0.284
0.000 0.000 1.450 0.000 0.000 0.155 0.000 0.000 -0.281
0.000 0.000 1.455 0.000 0.000 0.146 0.000 0.000 -0.278
0.000 0.000 1.460 0.000 0.000 0.137 0.000 0.000 -0.275
0.000 0.000 1.464 0.000 0.000 0.128 0.000 0.000 -0.271
0.000 0.000 1.468 0.000 0.000 0.119 0.000 0.000 -0.266
0.000 0.000 1.472 0.000 0.000 0.110 0.000 0.000 -0.261
0.000 0.000 1.476 0.000 0.000 0.101 0.000 0.000 -0.255
0.000 0.000 1.479 0.000 0.000 0.093 0.000 0.000 -0.249
0.000 0.000 1.482 0.000 0.000 0.085 0.000 0.000 -0.242
0.000 0.000 1.484 0.000 0.000 0.077 0.000 0.000 -0.234
0.000 0.000 1.487 0.000 0.000 0.069 0.000 0.000 -0.226
0.000 0.000 1.489 0.000 0.000 0.062 0.000 0.000 -0.217
0.000 0.000 1.491 0.000 0.000 0.055 0.000 0.000 -0.208
0.000 0.000 1.493 0.000 0.000 0.048 0.000 0.000 -0.198
0.000 0.000 1.494 0.000 0.000 0.041 0.000 0.000 -0.187
0.000 0.000 1.495 0.000 0.000 0.035 0.000 0.000 -0.176
0.000 0.000 1.497 0.000 0.000 0.030 0.000 0.000 -0.164
0.000 0.000 1.497 0.000 0.000 0.025 0.000 0.000 -0.151
0.000 0.000 1.498 0.000 0.000 0.020 0.000 0.000 -0.137
0.000 0.000 1.499 0.000 0.000 0.015 0.000 0.000 -0.123
0.000 0.000 1.499 0.000 0.000 0.012 0.000 0.000 -0.108
0.000 0.000 1.500 0.000 0.000 0.008 0.000 0.000 -0.093
0.000 0.000 1.500 0.000 0.000 0.005 0.000 0.000 -0.076
0.000 0.000 1.500 0.000 0.000 0.003 0.000 0.000 -0.059
0.000 0.000 1.500 0.000 0.000 0.001 0.000 0.000 -0.041
0.000 0.000 1.500 0.000 0.000 0.000 0.000 0.000 -0.022
0.000 0.000 1.500 0.000 0.000 0.000 0.000 0.000 -0.003
0.000 0.000 1.500 0.000 0.000 0.000 0.000 0.000 0.000
0.000 0.000 1.500 0.021 0.000 0.017 1.209 0.000 1.007
0.002 0.000 1.501 0.077 0.000 0.065 2.134 0.000 1.794
0.006 0.000 1.505 0.160 0.000 0.135 2.803 0.000 2.379
0.013 0.000 1.511 0.262 0.000 0.221 3.247 0.000 2.782
0.023 0.000 1.520 0.374 0.000 0.318 3.493 0.000 3.019
0.038 0.000 1.532 0.492 0.000 0.420 3.571 0.000 3.109
0.056 0.000 1.548 0.611 0.000 0.524 3.511 0.000 3.071
0.078 0.000 1.567 0.725 0.000 0.624 3.341 0.000 2.922
0.104 0.000 1.589 0.832 0.000 0.717 3.091 0.000 2.681
0.134 0.000 1.614 0.930 0.000 0.801 2.789 0.000 2.366
0.166 0.000 1.642 1.018 0.000 0.874 2.465 0.000 1.994
0.201 0.000 1.672 1.094 0.000 0.934 2.146 0.000 1.585
0.239 0.000 1.704 1.161 0.000 0.979 1.841 0.000 1.149
0.278 0.000 1.738 1.217 0.000 1.010 1.550 0.000 0.693
0.320 0.000 1.771 1.264 0.000 1.026 1.273 0.000 0.227
0.363 0.000 1.806 1.302 0.000 1.025 1.010 0.000 -0.242
0.406 0.000 1.840 1.332 0.000 1.009 0.759 0.000 -0.705
0.451 0.000 1.873 1.353 0.000 0.978 0.522 0.000 -1.155
0.496 0.000 1.905 1.366 0.000 0.933 0.297 0.000 -1.583
0.542 0.000 1.935 1.373 0.000 0.873 0.085 0.000 -1.982
0.588 0.000 1.963 1.372 0.000 0.801 -0.115 0.000 -2.343
0.633 0.000 1.988 1.365 0.000 0.718 -0.304 0.000 -2.658
0.679 0.000 2.010 1.352 0.000 0.625 -0.481 0.000 -2.919
0.723 0.000 2.029 1.333 0.000 0.524 -0.646 0.000 -3.125
0.767 0.000 2.045 1.309 0.000 0.417 -0.801 0.000 -3.277
0.811 0.000 2.057 1.280 0.000 0.306 -0.945 0.000 -3.380
0.853 0.000 2.066 1.246 0.000 0.193 -1.079 0.000 -3.438
0.893 0.000 2.070 1.208 0.000 0.078 -1.202 0.000 -3.453
0.933 0.000 2.071 1.166 0.000 -0.037 -1.316 0.000 -3.430
0.971 0.000 2.068 1.121 0.000 -0.150 -1.420 0.000 -3.372
1.008 0.000 2.061 1.072 0.000 -0.261 -1.514 0.000 -3.283
1.042 0.000 2.050 1.020 0.000 -0.369 -1.600 0.000 -3.167
1.076 0.000 2.036 0.966 0.000 -0.472 -1.677 0.000 -3.026
1.107 0.000 2.019 0.909 0.000 -0.570 -1.745 0.000 -2.865
1.136 0.000 1.998 0.849 0.000 -0.662 -1.805 0.000 -2.687
1.163 0.000 1.975 0.788 0.000 -0.749 -1.858 0.000 -2.496
1.189 0.000 1.949 0.726 0.000 -0.829 -1.902 0.000 -2.296
1.212 0.000 1.920 0.662 0.000 -0.902 -1.940 0.000 -2.089
1.233 0.000 1.889 0.597 0.000 -0.968 -1.970 0.000 -1.879
1.251 0.000 1.855 0.531 0.000 -1.027 -1.993 0.000 -1.666
1.268 0.000 1.820 0.464 0.000 -1.079 -2.010 0.000 -1.450
1.282 0.000 1.784 0.397 0.000 -1.123 -2.021 0.000 -1.233
1.294 0.000 1.746 0.329 0.000 -1.161 -2.025 0.000 -1.015
1.304 0.000 1.706 0.262 0.000 -1.191 -2.024 0.000 -0.796
1.312 0.000 1.666 0.195 0.000 -1.214 -2.018 0.000 -0.579
1.317 0.000 1.626 0.128 0.000 -1.229 -2.006 0.000 -0.362
1.320 0.000 1.585 0.061 0.000 -1.238 -1.990 0.000 -0.147
1.321 0.000 1.543 -0.005 0.000 -1.239 -1.969 0.000 0.065
1.320 0.000 1.502 -0.070 0.000 -1.234 -1.943 0.000 0.273
1.317 0.000 1.461 -0.134 0.000 -1.221 -1.914 0.000 0.478
1.311 0.000 1.421 -0.197 0.000 -1.202 -1.881 0.000 0.677
1.303 0.000 1.381 -0.259 0.000 -1.176 -1.844 0.000 0.872
1.294 0.000 1.343 -0.320 0.000 -1.144 -1.805 0.000 1.060
1.282 0.000 1.305 -0.380 0.000 -1.106 -1.762 0.000 1.241
1.269 0.000 1.269 -0.437 0.000 -1.061 -1.717 0.000 1.415
1.253 0.000 1.234 -0.494 0.000 -1.011 -1.669 0.000 1.580
1.236 0.000 1.202 -0.549 0.000 -0.956 -1.619 0.000 1.736
1.217 0.000 1.171 -0.602 0.000 -0.896 -1.568 0.000 1.883
1.196 0.000 1.142 -0.653 0.000 -0.831 -1.515 0.000 2.019
1.173 0.000 1.116 -0.702 0.000 -0.762 -1.460 0.000 2.144
1.149 0.000 1.091 -0.750 0.000 -0.688 -1.405 0.000 2.257
1.123 0.000 1.070 -0.796 0.000 -0.611 -1.349 0.000 2.358
1.096 0.000 1.051 -0.840 0.000 -0.531 -1.293 0.000 2.445
1.067 0.000 1.034 -0.882 0.000 -0.449 -1.236 0.000 2.518
1.037 0.000 1.021 -0.922 0.000 -0.364 -1.180 0.000 2.577
1.006 0.000 1.010 -0.961 0.000 -0.277 -1.124 0.000 2.621
0.973 0.000 1.002 -0.997 0.000 -0.189 -1.069 0.000 2.648
0.939 0.000 0.998 -1.032 0.000 -0.101 -1.015 0.000 2.658
0.904 0.000 0.996 -1.065 0.000 -0.013 -0.962 0.000 2.652
0.868 0.000 0.997 -1.096 0.000 0.075 -0.910 0.000 2.631
0.831 0.000 1.001 -1.125 0.000 0.162 -0.859 0.000 2.593
0.794 0.000 1.008 -1.153 0.000 0.248 -0.809 0.000 2.541
0.755 0.000 1.017 -1.179 0.000 0.332 -0.759 0.000 2.476
0.715 0.000 1.030 -1.204 0.000 0.413 -0.711 0.000 2.399
0.675 0.000 1.045 -1.227 0.000 0.491 -0.663 0.000 2.308
0.633 0.000 1.062 -1.248 0.000 0.566 -0.616 0.000 2.206
0.591 0.000 1.082 -1.268 0.000 0.638 -0.570 0.000 2.095
0.549 0.000 1.105 -1.286 0.000 0.706 -0.524 0.000 1.973
0.506 0.000 1.129 -1.303 0.000 0.769 -0.479 0.000 1.841
0.462 0.000 1.156 -1.318 0.000 0.828 -0.435 0.000 1.702
0.418 0.000 1.184 -1.332 0.000 0.882 -0.390 0.000 1.555
0.373 0.000 1.215 -1.344 0.000 0.932 -0.347 0.000 1.401
0.329 0.000 1.246 -1.355 0.000 0.976 -0.304 0.000 1.241
0.283 0.000 1.280 -1.364 0.000 1.014 -0.261 0.000 1.076
0.238 0.000 1.314 -1.372 0.000 1.047 -0.218 0.000 0.906
0.192 0.000 1.349 -1.379 0.000 1.075 -0.176 0.000 0.732
0.146 0.000 1.385 -1.384 0.000 1.096 -0.134 0.000 0.555
0.100 0.000 1.422 -1.388 0.000 1.112 -0.092 0.000 0.376
0.054 0.000 1.459 -1.390 0.000 1.121 -0.050 0.000 0.196
0.007 0.000 1.497 -1.391 0.000 1.125 -0.008 0.000 0.014
-0.039 0.000 1.534 -1.390 0.000 1.122 0.034 0.000 -0.168
-0.085 0.000 1.571 -1.389 0.000 1.113 0.076 0.000 -0.348
-0.132 0.000 1.608 -1.385 0.000 1.099 0.118 0.000 -0.528
-0.178 0.000 1.645 -1.381 0.000 1.078 0.160 0.000 -0.705
-0.223 0.000 1.680 -1.375 0.000 1.052 0.203 0.000 -0.879
-0.269 0.000 1.715 -1.367 0.000 1.020 0.245 0.000 -1.049
-0.315 0.000 1.748 -1.358 0.000 0.982 0.288 0.000 -1.215
-0.360 0.000 1.780 -1.348 0.000 0.939 0.332 0.000 -1.376
-0.404 0.000 1.810 -1.336 0.000 0.890 0.375 0.000 -1.531
-0.449 0.000 1.839 -1.323 0.000 0.837 0.420 0.000 -1.679
-0.492 0.000 1.866 -1.308 0.000 0.779 0.464 0.000 -1.819
-0.536 0.000 1.891 -1.292 0.000 0.716 0.509 0.000 -1.952
-0.578 0.000 1.914 -1.274 0.000 0.649 0.555 0.000 -2.075
-0.621 0.000 1.934 -1.255 0.000 0.578 0.602 0.000 -2.188
-0.662 0.000 1.952 -1.234 0.000 0.503 0.649 0.000 -2.291
-0.703 0.000 1.968 -1.212 0.000 0.425 0.697 0.000 -2.383
-0.743 0.000 1.980 -1.188 0.000 0.345 0.746 0.000 -2.463
-0.782 0.000 1.990 -1.162 0.000 0.261 0.795 0.000 -2.530
-0.820 0.000 1.998 -1.135 0.000 0.176 0.846 0.000 -2.583
-0.857 0.000 2.002 -1.106 0.000 0.090 0.897 0.000 -2.622
-0.894 0.000 2.004 -1.075 0.000 0.002 0.949 0.000 -2.646
-0.929 0.000 2.002 -1.043 0.000 -0.087 1.003 0.000 -2.655
-0.963 0.000 1.998 -1.008 0.000 -0.175 1.057 0.000 -2.646
-0.996 0.000 1.991 -0.972 0.000 -0.263 1.113 0.000 -2.621
-1.028 0.000 1.980 -0.934 0.000 -0.349 1.169 0.000 -2.581
-1.058 0.000 1.967 -0.894 0.000 -0.434 1.226 0.000 -2.524
-1.087 0.000 1.952 -0.853 0.000 -0.517 1.283 0.000 -2.452
-1.115 0.000 1.933 -0.809 0.000 -0.597 1.340 0.000 -2.368
-1.141 0.000 1.912 -0.763 0.000 -0.675 1.396 0.000 -2.270
-1.166 0.000 1.888 -0.716 0.000 -0.748 1.452 0.000 -2.159
-1.189 0.000 1.862 -0.667 0.000 -0.818 1.507 0.000 -2.036
-1.210 0.000 1.834 -0.616 0.000 -0.884 1.560 0.000 -1.902
-1.230 0.000 1.803 -0.563 0.000 -0.945 1.612 0.000 -1.758
-1.248 0.000 1.771 -0.508 0.000 -1.001 1.663 0.000 -1.604
-1.264 0.000 1.737 -0.452 0.000 -1.052 1.711 0.000 -1.440
-1.278 0.000 1.701 -0.394 0.000 -1.097 1.757 0.000 -1.269
-1.290 0.000 1.664 -0.335 0.000 -1.136 1.800 0.000 -1.090
-1.300 0.000 1.625 -0.274 0.000 -1.169 1.841 0.000 -0.903
-1.308 0.000 1.586 -0.213 0.000 -1.196 1.878 0.000 -0.711
-1.314 0.000 1.546 -0.149 0.000 -1.217 1.912 0.000 -0.513
-1.318 0.000 1.505 -0.085 0.000 -1.230 1.942 0.000 -0.310
-1.320 0.000 1.464 -0.020 0.000 -1.237 1.969 0.000 -0.102
-1.319 0.000 1.423 0.046 0.000 -1.237 1.990 0.000 0.108
-1.317 0.000 1.381 0.112 0.000 -1.230 2.008 0.000 0.321
-1.312 0.000 1.341 0.180 0.000 -1.216 2.020 0.000 0.537
-1.305 0.000 1.301 0.247 0.000 -1.194 2.028 0.000 0.755
-1.295 0.000 1.261 0.315 0.000 -1.165 2.030 0.000 0.972
-1.284 0.000 1.223 0.382 0.000 -1.129 2.026 0.000 1.190
-1.270 0.000 1.186 0.449 0.000 -1.086 2.017 0.000 1.407
-1.254 0.000 1.151 0.516 0.000 -1.036 2.001 0.000 1.623
-1.236 0.000 1.117 0.583 0.000 -0.978 1.979 0.000 1.836
-1.215 0.000 1.086 0.648 0.000 -0.913 1.950 0.000 2.047
-1.193 0.000 1.056 0.712 0.000 -0.842 1.914 0.000 2.256
-1.168 0.000 1.030 0.775 0.000 -0.763 1.871 0.000 2.458
-1.141 0.000 1.006 0.837 0.000 -0.678 1.820 0.000 2.650
-1.112 0.000 0.985 0.897 0.000 -0.587 1.761 0.000 2.830
-1.081 0.000 0.967 0.954 0.000 -0.490 1.694 0.000 2.997
-1.049 0.000 0.952 1.009 0.000 -0.388 1.619 0.000 3.141
-1.014 0.000 0.941 1.062 0.000 -0.281 1.534 0.000 3.262
-0.978 0.000 0.933 1.111 0.000 -0.171 1.441 0.000 3.357
-0.940 0.000 0.930 1.158 0.000 -0.058 1.339 0.000 3.423
-0.901 0.000 0.930 1.200 0.000 0.057 1.227 0.000 3.452
-0.860 0.000 0.933 1.239 0.000 0.172 1.105 0.000 3.443
-0.818 0.000 0.941 1.274 0.000 0.286 0.973 0.000 3.395
-0.775 0.000 0.952 1.304 0.000 0.397 0.831 0.000 3.301
-0.731 0.000 0.967 1.329 0.000 0.505 0.678 0.000 3.157
-0.687 0.000 0.986 1.349 0.000 0.607 0.514 0.000 2.961
-0.642 0.000 1.008 1.363 0.000 0.702 0.339 0.000 2.708
-0.596 0.000 1.033 1.372 0.000 0.787 0.153 0.000 2.402
-0.550 0.000 1.060 1.373 0.000 0.861 -0.046 0.000 2.053
-0.505 0.000 1.090 1.368 0.000 0.923 -0.256 0.000 1.661
-0.459 0.000 1.121 1.356 0.000 0.971 -0.479 0.000 1.231
-0.415 0.000 1.154 1.336 0.000 1.005 -0.714 0.000 0.786
-0.370 0.000 1.188 1.308 0.000 1.024 -0.963 0.000 0.328
-0.327 0.000 1.222 1.272 0.000 1.027 -1.224 0.000 -0.142
-0.286 0.000 1.256 1.227 0.000 1.014 -1.499 0.000 -0.614
-0.246 0.000 1.290 1.172 0.000 0.986 -1.787 0.000 -1.069
-0.208 0.000 1.322 1.108 0.000 0.943 -2.090 0.000 -1.507
-0.172 0.000 1.352 1.033 0.000 0.886 -2.409 0.000 -1.926
-0.139 0.000 1.381 0.947 0.000 0.815 -2.743 0.000 -2.310
-0.109 0.000 1.407 0.851 0.000 0.733 -3.037 0.000 -2.628
-0.083 0.000 1.429 0.745 0.000 0.641 -3.291 0.000 -2.879
-0.060 0.000 1.449 0.632 0.000 0.542 -3.496 0.000 -3.056
-0.041 0.000 1.466 0.514 0.000 0.439 -3.579 0.000 -3.115
-0.026 0.000 1.478 0.395 0.000 0.336 -3.514 0.000 -3.041
-0.014 0.000 1.488 0.281 0.000 0.238 -3.298 0.000 -2.830
-0.007 0.000 1.494 0.177 0.000 0.149 -2.910 0.000 -2.469
-0.002 0.000 1.498 0.090 0.000 0.075 -2.278 0.000 -1.915
-0.000 0.000 1.500 0.029 0.000 0.024 -1.389 0.000 -1.159
-0.000 0.000 1.500 0.001 0.000 0.001 -0.236 0.000 -0.196
0.000 0.000 1.500 0.000 0.000 0.000 0.000 0.000 0.000
