0.000 0.000 0.250 0.000 0.000 0.000 0.000 0.000 0.000
0.000 0.000 0.250 0.000 0.000 0.000 0.000 0.000 0.020
0.000 0.000 0.250 0.000 0.000 0.001 0.000 0.000 0.038
0.000 0.000 0.250 0.000 0.000 0.003 0.000 0.000 0.056
0.000 0.000 0.250 0.000 0.000 0.005 0.000 0.000 0.074
0.000 0.000 0.250 0.000 0.000 0.008 0.000 0.000 0.090
0.000 0.000 0.251 0.000 0.000 0.011 0.000 0.000 0.106
0.000 0.000 0.251 0.000 0.000 0.015 0.000 0.000 0.121
0.000 0.000 0.252 0.000 0.000 0.019 0.000 0.000 0.135
0.000 0.000 0.252 0.000 0.000 0.024 0.000 0.000 0.149
0.000 0.000 0.253 0.000 0.000 0.029 0.000 0.000 0.162
0.000 0.000 0.254 0.000 0.000 0.035 0.000 0.000 0.174
0.000 0.000 0.256 0.000 0.000 0.041 0.000 0.000 0.185
0.000 0.000 0.257 0.000 0.000 0.047 0.000 0.000 0.196
0.000 0.000 0.259 0.000 0.000 0.054 0.000 0.000 0.206
0.000 0.000 0.261 0.000 0.000 0.061 0.000 0.000 0.216
0.000 0.000 0.263 0.000 0.000 0.068 0.000 0.000 0.225
0.000 0.000 0.265 0.000 0.000 0.076 0.000 0.000 0.233
0.000 0.000 0.268 0.000 0.000 0.083 0.000 0.000 0.241
0.000 0.000 0.271 0.000 0.000 0.092 0.000 0.000 0.248
0.000 0.000 0.274 0.000 0.000 0.100 0.000 0.000 0.254
0.000 0.000 0.277 0.000 0.000 0.109 0.000 0.000 0.260
0.000 0.000 0.281 0.000 0.000 0.117 0.000 0.000 0.265
0.000 0.000 0.285 0.000 0.000 0.126 0.000 0.000 0.270
0.000 0.000 0.290 0.000 0.000 0.135 0.000 0.000 0.274
0.000 0.000 0.294 0.000 0.000 0.144 0.000 0.000 0.278
0.000 0.000 0.299 0.000 0.000 0.154 0.000 0.000 0.281
0.000 0.000 0.304 0.000 0.000 0.163 0.000 0.000 0.283
0.000 0.000 0.310 0.000 0.000 0.173 0.000 0.000 0.285
0.000 0.000 0.316 0.000 0.000 0.182 0.000 0.000 0.287
0.000 0.000 0.322 0.000 0.000 0.192 0.000 0.000 0.288
0.000 0.000 0.329 0.000 0.000 0.201 0.000 0.000 0.289
0.000 0.000 0.336 0.000 0.000 0.211 0.000 0.000 0.289
0.000 0.000 0.343 0.000 0.000 0.221 0.000 0.000 0.288
0.000 0.000 0.350 0.000 0.000 0.230 0.000 0.000 0.288
0.000 0.000 0.358 0.000 0.000 0.240 0.000 0.000 0.286
0.000 0.000 0.366 0.000 0.000 0.249 0.000 0.000 0.285
0.000 0.000 0.375 0.000 0.000 0.259 0.000 0.000 0.283
0.000 0.000 0.383 0.000 0.000 0.268 0.000 0.000 0.280
0.000 0.000 0.393 0.000 0.000 0.277 0.000 0.000 0.277
0.000 0.000 0.402 0.000 0.000 0.286 0.000 0.000 0.274
0.000 0.000 0.412 0.000 0.000 0.296 0.000 0.000 0.270
0.000 0.000 0.422 0.000 0.000 0.304 0.000 0.000 0.266
0.000 0.000 0.432 0.000 0.000 0.313 0.000 0.000 0.262
0.000 0.000 0.442 0.000 0.000 0.322 0.000 0.000 0.257
0.000 0.000 0.453 0.000 0.000 0.330 0.000 0.000 0.252
0.000 0.000 0.464 0.000 0.000 0.339 0.000 0.000 0.247
0.000 0.000 0.476 0.000 0.000 0.347 0.000 0.000 0.241
0.000 0.000 0.488 0.000 0.000 0.355 0.000 0.000 0.235
0.000 0.000 0.500 0.000 0.000 0.362 0.000 0.000 0.229
0.000 0.000 0.512 0.000 0.000 0.370 0.000 0.000 0.223
0.000 0.000 0.524 0.000 0.000 0.377 0.000 0.000 0.216
0.000 0.000 0.537 0.000 0.000 0.384 0.000 0.000 0.209
0.000 0.000 0.550 0.000 0.000 0.391 0.000 0.000 0.201
0.000 0.000 0.563 0.000 0.000 0.398 0.000 0.000 0.194
0.000 0.000 0.576 0.000 0.000 0.404 0.000 0.000 0.186
0.000 0.000 0.590 0.000 0.000 0.410 0.000 0.000 0.178
0.000 0.000 0.604 0.000 0.000 0.416 0.000 0.000 0.170
0.000 0.000 0.618 0.000 0.000 0.422 0.000 0.000 0.162
0.000 0.000 0.632 0.000 0.000 0.427 0.000 0.000 0.153
0.000 0.000 0.646 0.000 0.000 0.432 0.000 0.000 0.145
0.000 0.000 0.660 0.000 0.000 0.436 0.000 0.000 0.136
0.000 0.000 0.675 0.000 0.000 0.441 0.000 0.000 0.127
0.000 0.000 0.690 0.000 0.000 0.445 0.000 0.000 0.118
0.000 0.000 0.705 0.000 0.000 0.449 0.000 0.000 0.108
0.000 0.000 0.720 0.000 0.000 0.452 0.000 0.000 0.099
0.000 0.000 0.735 0.000 0.000 0.455 0.000 0.000 0.089
0.000 0.000 0.750 0.000 0.000 0.458 0.000 0.000 0.080
0.000 0.000 0.765 0.000 0.000 0.460 0.000 0.000 0.070
0.000 0.000 0.781 0.000 0.000 0.463 0.000 0.000 0.060
0.000 0.000 0.796 0.000 0.000 0.464 0.000 0.000 0.050
0.000 0.000 0.812 0.000 0.000 0.466 0.000 0.000 0.041
0.000 0.000 0.827 0.000 0.000 0.467 0.000 0.000 0.031
0.000 0.000 0.843 0.000 0.000 0.468 0.000 0.000 0.021
0.000 0.000 0.858 0.000 0.000 0.469 0.000 0.000 0.011
0.000 0.000 0.874 0.000 0.000 0.469 0.000 0.000 0.001
0.000 0.000 0.889 0.000 0.000 0.469 0.000 0.000 -0.009
0.000 0.000 0.905 0.000 0.000 0.468 0.000 0.000 -0.019
0.000 0.000 0.921 0.000 0.000 0.467 0.000 0.000 -0.029
0.000 0.000 0.936 0.000 0.000 0.466 0.000 0.000 -0.039
0.000 0.000 0.952 0.000 0.000 0.465 0.000 0.000 -0.049
0.000 0.000 0.967 0.000 0.000 0.463 0.000 0.000 -0.059
0.000 0.000 0.982 0.000 0.000 0.461 0.000 0.000 -0.069
0.000 0.000 0.998 0.000 0.000 0.458 0.000 0.000 -0.078
0.000 0.000 1.013 0.000 0.000 0.456 0.000 0.000 -0.088
0.000 0.000 1.028 0.000 0.000 0.453 0.000 0.000 -0.097
0.000 0.000 1.043 0.000 0.000 0.449 0.000 0.000 -0.107
0.000 0.000 1.058 0.000 0.000 0.445 0.000 0.000 -0.116
0.000 0.000 1.073 0.000 0.000 0.441 0.000 0.000 -0.125
0.000 0.000 1.087 0.000 0.000 0.437 0.000 0.000 -0.134
0.000 0.000 1.102 0.000 0.000 0.432 0.000 0.000 -0.143
0.000 0.000 1.116 0.000 0.000 0.428 0.000 0.000 -0.152
0.000 0.000 1.130 0.000 0.000 0.422 0.000 0.000 -0.160
0.000 0.000 1.144 0.000 0.000 0.417 0.000 0.000 -0.169
0.000 0.000 1.158 0.000 0.000 0.411 0.000 0.000 -0.177
0.000 0.000 1.172 0.000 0.000 0.405 0.000 0.000 -0.185
0.000 0.000 1.185 0.000 0.000 0.399 0.000 0.000 -0.193
0.000 0.000 1.198 0.000 0.000 0.392 0.000 0.000 -0.200
0.000 0.000 1.211 0.000 0.000 0.385 0.000 0.000 -0.208
0.000 0.000 1.224 0.000 0.000 0.378 0.000 0.000 -0.215
0.000 0.000 1.236 0.000 0.000 0.371 0.000 0.000 -0.222
0.000 0.000 1.249 0.000 0.000 0.364 0.000 0.000 -0.228
0.000 0.000 1.261 0.000 0.000 0.356 0.000 0.000 -0.234
0.000 0.000 1.272 0.000 0.000 0.348 0.000 0.000 -0.240
0.000 0.000 1.284 0.000 0.000 0.340 0.000 0.000 -0.246
0.000 0.000 1.295 0.000 0.000 0.332 0.000 0.000 -0.251
0.000 0.000 1.306 0.000 0.000 0.323 0.000 0.000 -0.257
0.000 0.000 1.317 0.000 0.000 0.315 0.000 0.000 -0.261
0.000 0.000 1.327 0.000 0.000 0.306 0.000 0.000 -0.266
0.000 0.000 1.337 0.000 0.000 0.297 0.000 0.000 -0.270
0.000 0.000 1.347 0.000 0.000 0.288 0.000 0.000 -0.273
0.000 0.000 1.356 0.000 0.000 0.279 0.000 0.000 -0.277
0.000 0.000 1.365 0.000 0.000 0.269 0.000 0.000 -0.280
0.000 0.000 1.374 0.000 0.000 0.260 0.000 0.000 -0.282
0.000 0.000 1.382 0.000 0.000 0.251 0.000 0.000 -0.284
0.000 0.000 1.391 0.000 0.000 0.241 0.000 0.000 -0.286
0.000 0.000 1.399 0.000 0.000 0.232 0.000 0.000 -0.287
0.000 0.000 1.406 0.000 0.000 0.222 0.000 0.000 -0.288
0.000 0.000 1.413 0.000 0.000 0.212 0.000 0.000 -0.289
0.000 0.000 1.420 0.000 0.000 0.203 0.000 0.000 -0.289
0.000 0.000 1.427 0.000 0.000 0.193 0.000 0.000 -0.288
0.000 0.000 1.433 0.000 0.000 0.184 0.000 0.000 -0.287
0.000 0.000 1.439 0.000 0.000 0.174 0.000 0.000 -0.286
0.000 0.000 1.445 0.000 0.000 0.165 0.000 0.000 -0.284
0.000 0.000 1.450 0.000 0.000 0.155 0.000 0.000 -0.281
0.000 0.000 1.455 0.000 0.000 0.146 0.000 0.000 -0.278
0.000 0.000 1.460 0.000 0.000 0.137 0.000 0.000 -0.275
0.000 0.000 1.464 0.000 0.000 0.128 0.000 0.000 -0.271
0.000 0.000 1.468 0.000 0.000 0.119 0.000 0.000 -0.266
0.000 0.000 1.472 0.000 0.000 0.110 0.000 0.000 -0.261
0.000 0.000 1.476 0.000 0.000 0.101 0.000 0.000 -0.255
0.000 0.000 1.479 0.000 0.000 0.093 0.000 0.000 -0.249
0.000 0.000 1.482 0.000 0.000 0.085 0.000 0.000 -0.242
0.000 0.000 1.484 0.000 0.000 0.077 0.000 0.000 -0.234
0.000 0.000 1.487 0.000 0.000 0.069 0.000 0.000 -0.226
0.000 0.000 1.489 0.000 0.000 0.062 0.000 0.000 -0.217
0.000 0.000 1.491 0.000 0.000 0.055 0.000 0.000 -0.208
0.000 0.000 1.493 0.000 0.000 0.048 0.000 0.000 -0.198
0.000 0.000 1.494 0.000 0.000 0.041 0.000 0.000 -0.187
0.000 0.000 1.495 0.000 0.000 0.035 0.000 0.000 -0.176
0.000 0.000 1.497 0.000 0.000 0.030 0.000 0.000 -0.164
0.000 0.000 1.497 0.000 0.000 0.025 0.000 0.000 -0.151
0.000 0.000 1.498 0.000 0.000 0.020 0.000 0.000 -0.137
0.000 0.000 1.499 0.000 0.000 0.015 0.000 0.000 -0.123
0.000 0.000 1.499 0.000 0.000 0.012 0.000 0.000 -0.108
0.000 0.000 1.500 0.000 0.000 0.008 0.000 0.000 -0.093
0.000 0.000 1.500 0.000 0.000 0.005 0.000 0.000 -0.076
0.000 0.000 1.500 0.000 0.000 0.003 0.000 0.000 -0.059
0.000 0.000 1.500 0.000 0.000 0.001 0.000 0.000 -0.041
0.000 0.000 1.500 0.000 0.000 0.000 0.000 0.000 -0.022
0.000 0.000 1.500 0.000 0.000 0.000 0.000 0.000 -0.003
0.000 0.000 1.500 0.000 0.000 0.000 0.000 0.000 0.000
0.000 0.000 1.500 0.001 0.000 0.001 0.083 0.000 0.069
0.000 0.000 1.500 0.005 0.000 0.005 0.159 0.000 0.132
0.000 0.000 1.500 0.012 0.000 0.010 0.227 0.000 0.189
0.001 0.000 1.501 0.020 0.000 0.017 0.287 0.000 0.241
0.002 0.000 1.501 0.031 0.000 0.026 0.341 0.000 0.287
0.003 0.000 1.503 0.043 0.000 0.036 0.389 0.000 0.328
0.005 0.000 1.504 0.057 0.000 0.048 0.430 0.000 0.364
0.007 0.000 1.506 0.072 0.000 0.060 0.465 0.000 0.396
0.009 0.000 1.508 0.088 0.000 0.074 0.495 0.000 0.423
0.013 0.000 1.511 0.105 0.000 0.088 0.519 0.000 0.445
0.016 0.000 1.514 0.122 0.000 0.104 0.539 0.000 0.463
0.021 0.000 1.518 0.140 0.000 0.119 0.553 0.000 0.477
0.026 0.000 1.522 0.159 0.000 0.135 0.563 0.000 0.488
0.031 0.000 1.527 0.178 0.000 0.152 0.569 0.000 0.494
0.038 0.000 1.532 0.197 0.000 0.168 0.571 0.000 0.497
0.045 0.000 1.538 0.216 0.000 0.185 0.570 0.000 0.497
0.052 0.000 1.544 0.235 0.000 0.201 0.565 0.000 0.494
0.060 0.000 1.551 0.254 0.000 0.218 0.558 0.000 0.488
0.069 0.000 1.559 0.272 0.000 0.234 0.547 0.000 0.479
0.078 0.000 1.567 0.290 0.000 0.249 0.535 0.000 0.467
0.088 0.000 1.575 0.308 0.000 0.265 0.520 0.000 0.454
0.099 0.000 1.584 0.325 0.000 0.280 0.503 0.000 0.438
0.110 0.000 1.594 0.341 0.000 0.294 0.485 0.000 0.420
0.121 0.000 1.604 0.357 0.000 0.308 0.466 0.000 0.400
0.134 0.000 1.614 0.372 0.000 0.321 0.446 0.000 0.378
0.146 0.000 1.625 0.387 0.000 0.333 0.426 0.000 0.356
0.159 0.000 1.637 0.400 0.000 0.344 0.405 0.000 0.331
0.173 0.000 1.648 0.414 0.000 0.355 0.384 0.000 0.306
0.187 0.000 1.660 0.426 0.000 0.365 0.363 0.000 0.280
0.201 0.000 1.672 0.438 0.000 0.374 0.343 0.000 0.254
0.216 0.000 1.685 0.449 0.000 0.382 0.324 0.000 0.226
0.231 0.000 1.698 0.459 0.000 0.389 0.304 0.000 0.198
0.247 0.000 1.711 0.469 0.000 0.395 0.285 0.000 0.169
0.262 0.000 1.724 0.478 0.000 0.400 0.266 0.000 0.140
0.278 0.000 1.738 0.487 0.000 0.404 0.248 0.000 0.111
0.295 0.000 1.751 0.495 0.000 0.407 0.230 0.000 0.081
0.311 0.000 1.765 0.502 0.000 0.409 0.212 0.000 0.051
0.328 0.000 1.778 0.509 0.000 0.411 0.195 0.000 0.021
0.345 0.000 1.792 0.515 0.000 0.411 0.178 0.000 -0.009
0.363 0.000 1.806 0.521 0.000 0.410 0.162 0.000 -0.039
0.380 0.000 1.819 0.526 0.000 0.408 0.145 0.000 -0.068
0.398 0.000 1.833 0.531 0.000 0.406 0.129 0.000 -0.098
0.415 0.000 1.846 0.535 0.000 0.402 0.114 0.000 -0.127
0.433 0.000 1.860 0.538 0.000 0.397 0.098 0.000 -0.156
0.451 0.000 1.873 0.541 0.000 0.391 0.083 0.000 -0.185
0.469 0.000 1.886 0.544 0.000 0.385 0.069 0.000 -0.213
0.487 0.000 1.898 0.546 0.000 0.377 0.055 0.000 -0.240
0.506 0.000 1.911 0.547 0.000 0.369 0.041 0.000 -0.266
0.524 0.000 1.923 0.548 0.000 0.360 0.027 0.000 -0.292
0.542 0.000 1.935 0.549 0.000 0.349 0.014 0.000 -0.317
0.560 0.000 1.946 0.549 0.000 0.338 0.001 0.000 -0.341
0.579 0.000 1.957 0.549 0.000 0.327 -0.012 0.000 -0.364
0.597 0.000 1.968 0.549 0.000 0.314 -0.025 0.000 -0.385
0.615 0.000 1.978 0.547 0.000 0.301 -0.037 0.000 -0.406
0.633 0.000 1.988 0.546 0.000 0.287 -0.049 0.000 -0.425
0.652 0.000 1.997 0.544 0.000 0.273 -0.060 0.000 -0.443
0.670 0.000 2.006 0.542 0.000 0.258 -0.071 0.000 -0.459
0.688 0.000 2.014 0.540 0.000 0.242 -0.082 0.000 -0.474
0.706 0.000 2.022 0.537 0.000 0.226 -0.093 0.000 -0.488
0.723 0.000 2.029 0.533 0.000 0.210 -0.103 0.000 -0.500
0.741 0.000 2.036 0.530 0.000 0.193 -0.114 0.000 -0.511
0.759 0.000 2.042 0.526 0.000 0.176 -0.123 0.000 -0.520
0.776 0.000 2.048 0.521 0.000 0.158 -0.133 0.000 -0.528
0.793 0.000 2.053 0.517 0.000 0.141 -0.142 0.000 -0.535
0.810 0.000 2.057 0.512 0.000 0.123 -0.151 0.000 -0.541
0.827 0.000 2.061 0.507 0.000 0.105 -0.160 0.000 -0.545
0.844 0.000 2.064 0.501 0.000 0.086 -0.168 0.000 -0.549
0.861 0.000 2.067 0.496 0.000 0.068 -0.177 0.000 -0.551
0.877 0.000 2.069 0.490 0.000 0.050 -0.185 0.000 -0.552
0.893 0.000 2.070 0.483 0.000 0.031 -0.192 0.000 -0.553
0.909 0.000 2.071 0.477 0.000 0.013 -0.200 0.000 -0.552
0.925 0.000 2.071 0.470 0.000 -0.006 -0.207 0.000 -0.550
0.941 0.000 2.070 0.463 0.000 -0.024 -0.214 0.000 -0.548
0.956 0.000 2.069 0.456 0.000 -0.042 -0.221 0.000 -0.544
0.971 0.000 2.068 0.448 0.000 -0.060 -0.227 0.000 -0.540
0.986 0.000 2.065 0.441 0.000 -0.078 -0.233 0.000 -0.535
1.000 0.000 2.062 0.433 0.000 -0.096 -0.239 0.000 -0.529
1.015 0.000 2.059 0.425 0.000 -0.113 -0.245 0.000 -0.522
1.029 0.000 2.055 0.416 0.000 -0.130 -0.251 0.000 -0.515
1.042 0.000 2.050 0.408 0.000 -0.147 -0.256 0.000 -0.507
1.056 0.000 2.045 0.399 0.000 -0.164 -0.261 0.000 -0.499
1.069 0.000 2.039 0.391 0.000 -0.181 -0.266 0.000 -0.490
1.082 0.000 2.033 0.382 0.000 -0.197 -0.271 0.000 -0.480
1.094 0.000 2.026 0.373 0.000 -0.213 -0.275 0.000 -0.470
1.107 0.000 2.019 0.363 0.000 -0.228 -0.279 0.000 -0.459
1.119 0.000 2.011 0.354 0.000 -0.243 -0.283 0.000 -0.448
1.130 0.000 2.003 0.345 0.000 -0.258 -0.287 0.000 -0.437
1.142 0.000 1.994 0.335 0.000 -0.272 -0.291 0.000 -0.425
1.153 0.000 1.985 0.325 0.000 -0.286 -0.294 0.000 -0.413
1.163 0.000 1.975 0.315 0.000 -0.300 -0.297 0.000 -0.400
1.174 0.000 1.965 0.305 0.000 -0.313 -0.300 0.000 -0.388
1.184 0.000 1.954 0.295 0.000 -0.326 -0.303 0.000 -0.375
1.193 0.000 1.943 0.285 0.000 -0.338 -0.306 0.000 -0.362
1.203 0.000 1.932 0.275 0.000 -0.350 -0.308 0.000 -0.348
1.212 0.000 1.920 0.265 0.000 -0.361 -0.310 0.000 -0.335
1.220 0.000 1.907 0.254 0.000 -0.372 -0.312 0.000 -0.322
1.229 0.000 1.895 0.244 0.000 -0.382 -0.314 0.000 -0.308
1.236 0.000 1.882 0.233 0.000 -0.392 -0.316 0.000 -0.295
1.244 0.000 1.869 0.223 0.000 -0.402 -0.318 0.000 -0.281
1.251 0.000 1.855 0.212 0.000 -0.411 -0.319 0.000 -0.267
1.258 0.000 1.841 0.202 0.000 -0.420 -0.320 0.000 -0.253
1.265 0.000 1.827 0.191 0.000 -0.428 -0.321 0.000 -0.240
1.271 0.000 1.813 0.180 0.000 -0.436 -0.322 0.000 -0.226
1.277 0.000 1.798 0.169 0.000 -0.443 -0.323 0.000 -0.212
1.282 0.000 1.783 0.159 0.000 -0.450 -0.323 0.000 -0.198
1.287 0.000 1.768 0.148 0.000 -0.456 -0.324 0.000 -0.184
1.292 0.000 1.753 0.137 0.000 -0.462 -0.324 0.000 -0.170
1.296 0.000 1.738 0.126 0.000 -0.468 -0.324 0.000 -0.156
1.300 0.000 1.722 0.116 0.000 -0.473 -0.324 0.000 -0.142
1.304 0.000 1.706 0.105 0.000 -0.477 -0.324 0.000 -0.128
1.307 0.000 1.690 0.094 0.000 -0.481 -0.324 0.000 -0.114
1.310 0.000 1.674 0.083 0.000 -0.485 -0.323 0.000 -0.100
1.313 0.000 1.658 0.073 0.000 -0.488 -0.323 0.000 -0.086
1.315 0.000 1.642 0.062 0.000 -0.490 -0.322 0.000 -0.072
1.317 0.000 1.625 0.051 0.000 -0.492 -0.321 0.000 -0.058
1.319 0.000 1.609 0.040 0.000 -0.494 -0.320 0.000 -0.044
1.320 0.000 1.592 0.030 0.000 -0.495 -0.319 0.000 -0.030
1.321 0.000 1.576 0.019 0.000 -0.496 -0.318 0.000 -0.017
1.321 0.000 1.559 0.009 0.000 -0.497 -0.316 0.000 -0.003
1.321 0.000 1.543 -0.002 0.000 -0.496 -0.315 0.000 0.011
1.321 0.000 1.526 -0.012 0.000 -0.496 -0.313 0.000 0.024
1.320 0.000 1.510 -0.023 0.000 -0.495 -0.312 0.000 0.037
1.319 0.000 1.493 -0.033 0.000 -0.493 -0.310 0.000 0.051
1.318 0.000 1.477 -0.043 0.000 -0.491 -0.308 0.000 0.064
1.317 0.000 1.461 -0.054 0.000 -0.489 -0.306 0.000 0.077
1.315 0.000 1.444 -0.064 0.000 -0.486 -0.304 0.000 0.090
1.312 0.000 1.428 -0.074 0.000 -0.483 -0.302 0.000 0.103
1.310 0.000 1.412 -0.084 0.000 -0.479 -0.300 0.000 0.115
1.307 0.000 1.396 -0.094 0.000 -0.475 -0.297 0.000 0.128
1.303 0.000 1.380 -0.104 0.000 -0.471 -0.295 0.000 0.140
1.300 0.000 1.365 -0.114 0.000 -0.466 -0.293 0.000 0.153
1.296 0.000 1.349 -0.123 0.000 -0.461 -0.290 0.000 0.165
1.292 0.000 1.334 -0.133 0.000 -0.455 -0.287 0.000 0.177
1.287 0.000 1.319 -0.142 0.000 -0.449 -0.285 0.000 0.188
1.282 0.000 1.304 -0.152 0.000 -0.443 -0.282 0.000 0.200
1.277 0.000 1.290 -0.161 0.000 -0.436 -0.279 0.000 0.211
1.271 0.000 1.275 -0.170 0.000 -0.428 -0.276 0.000 0.222
1.266 0.000 1.261 -0.180 0.000 -0.421 -0.273 0.000 0.233
1.259 0.000 1.247 -0.189 0.000 -0.413 -0.270 0.000 0.244
1.253 0.000 1.234 -0.198 0.000 -0.405 -0.267 0.000 0.254
1.246 0.000 1.220 -0.206 0.000 -0.396 -0.264 0.000 0.265
1.239 0.000 1.207 -0.215 0.000 -0.387 -0.261 0.000 0.275
1.232 0.000 1.195 -0.224 0.000 -0.378 -0.257 0.000 0.284
1.224 0.000 1.182 -0.232 0.000 -0.368 -0.254 0.000 0.294
1.216 0.000 1.170 -0.241 0.000 -0.358 -0.251 0.000 0.303
1.208 0.000 1.158 -0.249 0.000 -0.348 -0.247 0.000 0.312
1.200 0.000 1.147 -0.257 0.000 -0.337 -0.244 0.000 0.321
1.191 0.000 1.136 -0.265 0.000 -0.327 -0.241 0.000 0.329
1.182 0.000 1.125 -0.273 0.000 -0.315 -0.237 0.000 0.337
1.173 0.000 1.115 -0.281 0.000 -0.304 -0.234 0.000 0.345
1.164 0.000 1.105 -0.289 0.000 -0.292 -0.230 0.000 0.353
1.154 0.000 1.095 -0.296 0.000 -0.281 -0.227 0.000 0.360
1.144 0.000 1.086 -0.304 0.000 -0.269 -0.223 0.000 0.367
1.134 0.000 1.077 -0.311 0.000 -0.256 -0.219 0.000 0.373
1.123 0.000 1.069 -0.318 0.000 -0.244 -0.216 0.000 0.379
1.112 0.000 1.061 -0.326 0.000 -0.231 -0.212 0.000 0.385
1.101 0.000 1.054 -0.333 0.000 -0.218 -0.209 0.000 0.391
1.090 0.000 1.047 -0.339 0.000 -0.205 -0.205 0.000 0.396
1.079 0.000 1.040 -0.346 0.000 -0.192 -0.201 0.000 0.401
1.067 0.000 1.034 -0.353 0.000 -0.178 -0.198 0.000 0.405
1.055 0.000 1.028 -0.359 0.000 -0.165 -0.194 0.000 0.409
1.043 0.000 1.023 -0.366 0.000 -0.151 -0.191 0.000 0.413
1.031 0.000 1.018 -0.372 0.000 -0.137 -0.187 0.000 0.416
1.018 0.000 1.014 -0.378 0.000 -0.123 -0.183 0.000 0.419
1.006 0.000 1.010 -0.384 0.000 -0.109 -0.180 0.000 0.422
0.993 0.000 1.007 -0.390 0.000 -0.095 -0.176 0.000 0.424
0.980 0.000 1.004 -0.396 0.000 -0.081 -0.173 0.000 0.425
0.966 0.000 1.001 -0.402 0.000 -0.067 -0.169 0.000 0.426
0.953 0.000 0.999 -0.407 0.000 -0.053 -0.166 0.000 0.427
0.939 0.000 0.998 -0.413 0.000 -0.038 -0.162 0.000 0.427
0.926 0.000 0.997 -0.418 0.000 -0.024 -0.159 0.000 0.427
0.912 0.000 0.996 -0.423 0.000 -0.010 -0.156 0.000 0.427
0.897 0.000 0.996 -0.428 0.000 0.004 -0.152 0.000 0.426
0.883 0.000 0.996 -0.433 0.000 0.018 -0.149 0.000 0.425
0.868 0.000 0.997 -0.438 0.000 0.033 -0.146 0.000 0.423
0.854 0.000 0.999 -0.443 0.000 0.047 -0.142 0.000 0.421
0.839 0.000 1.000 -0.448 0.000 0.061 -0.139 0.000 0.418
0.824 0.000 1.003 -0.452 0.000 0.074 -0.136 0.000 0.415
0.809 0.000 1.005 -0.457 0.000 0.088 -0.133 0.000 0.412
0.794 0.000 1.008 -0.461 0.000 0.102 -0.129 0.000 0.408
0.778 0.000 1.012 -0.465 0.000 0.115 -0.126 0.000 0.404
0.763 0.000 1.016 -0.470 0.000 0.129 -0.123 0.000 0.400
0.747 0.000 1.021 -0.474 0.000 0.142 -0.120 0.000 0.395
0.731 0.000 1.026 -0.478 0.000 0.155 -0.117 0.000 0.390
0.715 0.000 1.031 -0.481 0.000 0.168 -0.114 0.000 0.385
0.699 0.000 1.037 -0.485 0.000 0.181 -0.111 0.000 0.379
0.683 0.000 1.043 -0.489 0.000 0.193 -0.108 0.000 0.373
0.666 0.000 1.050 -0.492 0.000 0.206 -0.105 0.000 0.367
0.650 0.000 1.057 -0.496 0.000 0.218 -0.102 0.000 0.360
0.633 0.000 1.064 -0.499 0.000 0.230 -0.099 0.000 0.354
0.617 0.000 1.072 -0.502 0.000 0.241 -0.096 0.000 0.347
0.600 0.000 1.080 -0.505 0.000 0.253 -0.093 0.000 0.339
0.583 0.000 1.089 -0.509 0.000 0.264 -0.090 0.000 0.332
0.566 0.000 1.098 -0.511 0.000 0.275 -0.087 0.000 0.324
0.549 0.000 1.107 -0.514 0.000 0.285 -0.084 0.000 0.316
0.532 0.000 1.117 -0.517 0.000 0.296 -0.081 0.000 0.307
0.515 0.000 1.127 -0.520 0.000 0.306 -0.078 0.000 0.299
0.497 0.000 1.137 -0.522 0.000 0.316 -0.075 0.000 0.290
0.480 0.000 1.148 -0.525 0.000 0.325 -0.072 0.000 0.281
0.462 0.000 1.159 -0.527 0.000 0.334 -0.070 0.000 0.272
0.445 0.000 1.170 -0.529 0.000 0.343 -0.067 0.000 0.262
0.427 0.000 1.182 -0.532 0.000 0.352 -0.064 0.000 0.253
0.409 0.000 1.193 -0.534 0.000 0.360 -0.061 0.000 0.243
0.391 0.000 1.206 -0.536 0.000 0.368 -0.058 0.000 0.233
0.374 0.000 1.218 -0.537 0.000 0.376 -0.056 0.000 0.223
0.356 0.000 1.231 -0.539 0.000 0.383 -0.053 0.000 0.213
0.338 0.000 1.243 -0.541 0.000 0.390 -0.050 0.000 0.202
0.320 0.000 1.257 -0.543 0.000 0.396 -0.047 0.000 0.192
0.302 0.000 1.270 -0.544 0.000 0.403 -0.045 0.000 0.181
0.283 0.000 1.283 -0.546 0.000 0.408 -0.042 0.000 0.170
0.265 0.000 1.297 -0.547 0.000 0.414 -0.039 0.000 0.159
0.247 0.000 1.311 -0.548 0.000 0.419 -0.036 0.000 0.148
0.229 0.000 1.325 -0.549 0.000 0.424 -0.034 0.000 0.137
0.210 0.000 1.339 -0.550 0.000 0.428 -0.031 0.000 0.126
0.192 0.000 1.353 -0.551 0.000 0.432 -0.028 0.000 0.115
0.174 0.000 1.368 -0.552 0.000 0.436 -0.025 0.000 0.103
0.155 0.000 1.382 -0.553 0.000 0.439 -0.023 0.000 0.092
0.137 0.000 1.397 -0.554 0.000 0.442 -0.020 0.000 0.080
0.118 0.000 1.412 -0.554 0.000 0.444 -0.017 0.000 0.069
0.100 0.000 1.427 -0.555 0.000 0.447 -0.015 0.000 0.057
0.081 0.000 1.442 -0.555 0.000 0.448 -0.012 0.000 0.046
0.063 0.000 1.457 -0.556 0.000 0.450 -0.009 0.000 0.034
0.044 0.000 1.472 -0.556 0.000 0.450 -0.007 0.000 0.022
0.026 0.000 1.487 -0.556 0.000 0.451 -0.004 0.000 0.010
0.007 0.000 1.502 -0.556 0.000 0.451 -0.001 0.000 -0.001
-0.011 0.000 1.517 -0.556 0.000 0.451 0.001 0.000 -0.013
-0.030 0.000 1.532 -0.556 0.000 0.450 0.004 0.000 -0.025
-0.048 0.000 1.547 -0.556 0.000 0.449 0.007 0.000 -0.036
-0.067 0.000 1.562 -0.556 0.000 0.448 0.009 0.000 -0.048
-0.085 0.000 1.576 -0.555 0.000 0.446 0.012 0.000 -0.060
-0.104 0.000 1.591 -0.555 0.000 0.444 0.015 0.000 -0.071
-0.122 0.000 1.606 -0.554 0.000 0.441 0.017 0.000 -0.083
-0.141 0.000 1.621 -0.554 0.000 0.438 0.020 0.000 -0.094
-0.159 0.000 1.635 -0.553 0.000 0.435 0.023 0.000 -0.106
-0.177 0.000 1.650 -0.552 0.000 0.431 0.026 0.000 -0.117
-0.196 0.000 1.664 -0.551 0.000 0.427 0.028 0.000 -0.128
-0.214 0.000 1.678 -0.550 0.000 0.423 0.031 0.000 -0.140
-0.233 0.000 1.692 -0.549 0.000 0.418 0.034 0.000 -0.151
-0.251 0.000 1.706 -0.548 0.000 0.413 0.036 0.000 -0.162
-0.269 0.000 1.720 -0.547 0.000 0.407 0.039 0.000 -0.172
-0.287 0.000 1.733 -0.546 0.000 0.401 0.042 0.000 -0.183
-0.305 0.000 1.746 -0.544 0.000 0.395 0.045 0.000 -0.194
-0.323 0.000 1.759 -0.543 0.000 0.388 0.047 0.000 -0.204
-0.341 0.000 1.772 -0.541 0.000 0.381 0.050 0.000 -0.215
-0.359 0.000 1.785 -0.539 0.000 0.374 0.053 0.000 -0.225
-0.377 0.000 1.797 -0.537 0.000 0.366 0.056 0.000 -0.235
-0.395 0.000 1.809 -0.536 0.000 0.358 0.059 0.000 -0.245
-0.413 0.000 1.821 -0.534 0.000 0.350 0.061 0.000 -0.255
-0.431 0.000 1.833 -0.531 0.000 0.342 0.064 0.000 -0.264
-0.448 0.000 1.844 -0.529 0.000 0.333 0.067 0.000 -0.273
-0.466 0.000 1.855 -0.527 0.000 0.323 0.070 0.000 -0.283
-0.484 0.000 1.865 -0.525 0.000 0.314 0.073 0.000 -0.291
-0.501 0.000 1.876 -0.522 0.000 0.304 0.076 0.000 -0.300
-0.518 0.000 1.885 -0.520 0.000 0.294 0.079 0.000 -0.309
-0.536 0.000 1.895 -0.517 0.000 0.283 0.081 0.000 -0.317
-0.553 0.000 1.904 -0.514 0.000 0.273 0.084 0.000 -0.325
-0.570 0.000 1.913 -0.511 0.000 0.262 0.087 0.000 -0.333
-0.587 0.000 1.922 -0.508 0.000 0.251 0.090 0.000 -0.340
-0.604 0.000 1.930 -0.505 0.000 0.239 0.093 0.000 -0.347
-0.620 0.000 1.938 -0.502 0.000 0.227 0.096 0.000 -0.354
-0.637 0.000 1.945 -0.499 0.000 0.215 0.099 0.000 -0.361
-0.654 0.000 1.952 -0.496 0.000 0.203 0.102 0.000 -0.368
-0.670 0.000 1.959 -0.492 0.000 0.191 0.105 0.000 -0.374
-0.686 0.000 1.965 -0.488 0.000 0.178 0.108 0.000 -0.380
-0.703 0.000 1.970 -0.485 0.000 0.166 0.111 0.000 -0.385
-0.719 0.000 1.976 -0.481 0.000 0.153 0.114 0.000 -0.390
-0.735 0.000 1.981 -0.477 0.000 0.140 0.118 0.000 -0.395
-0.750 0.000 1.985 -0.473 0.000 0.126 0.121 0.000 -0.400
-0.766 0.000 1.989 -0.469 0.000 0.113 0.124 0.000 -0.404
-0.782 0.000 1.993 -0.465 0.000 0.100 0.127 0.000 -0.408
-0.797 0.000 1.996 -0.461 0.000 0.086 0.130 0.000 -0.411
-0.812 0.000 1.998 -0.456 0.000 0.072 0.134 0.000 -0.415
-0.828 0.000 2.000 -0.452 0.000 0.058 0.137 0.000 -0.417
-0.843 0.000 2.002 -0.447 0.000 0.044 0.140 0.000 -0.420
-0.857 0.000 2.003 -0.442 0.000 0.030 0.143 0.000 -0.422
-0.872 0.000 2.004 -0.438 0.000 0.016 0.147 0.000 -0.423
-0.886 0.000 2.004 -0.433 0.000 0.002 0.150 0.000 -0.425
-0.901 0.000 2.004 -0.428 0.000 -0.012 0.154 0.000 -0.426
-0.915 0.000 2.004 -0.422 0.000 -0.026 0.157 0.000 -0.426
-0.929 0.000 2.003 -0.417 0.000 -0.040 0.160 0.000 -0.426
-0.943 0.000 2.001 -0.412 0.000 -0.055 0.164 0.000 -0.425
-0.956 0.000 1.999 -0.406 0.000 -0.069 0.167 0.000 -0.425
-0.970 0.000 1.997 -0.401 0.000 -0.083 0.171 0.000 -0.423
-0.983 0.000 1.994 -0.395 0.000 -0.097 0.174 0.000 -0.421
-0.996 0.000 1.990 -0.389 0.000 -0.111 0.178 0.000 -0.419
-1.009 0.000 1.986 -0.383 0.000 -0.125 0.182 0.000 -0.417
-1.022 0.000 1.982 -0.377 0.000 -0.139 0.185 0.000 -0.414
-1.034 0.000 1.977 -0.371 0.000 -0.152 0.189 0.000 -0.410
-1.046 0.000 1.972 -0.364 0.000 -0.166 0.192 0.000 -0.406
-1.058 0.000 1.966 -0.358 0.000 -0.179 0.196 0.000 -0.402
-1.070 0.000 1.960 -0.351 0.000 -0.193 0.200 0.000 -0.397
-1.082 0.000 1.953 -0.345 0.000 -0.206 0.203 0.000 -0.392
-1.093 0.000 1.946 -0.338 0.000 -0.219 0.207 0.000 -0.387
-1.104 0.000 1.939 -0.331 0.000 -0.232 0.211 0.000 -0.381
-1.115 0.000 1.931 -0.324 0.000 -0.244 0.214 0.000 -0.375
-1.126 0.000 1.923 -0.317 0.000 -0.257 0.218 0.000 -0.369
-1.136 0.000 1.914 -0.309 0.000 -0.269 0.221 0.000 -0.362
-1.146 0.000 1.905 -0.302 0.000 -0.281 0.225 0.000 -0.355
-1.156 0.000 1.895 -0.294 0.000 -0.292 0.229 0.000 -0.348
-1.166 0.000 1.885 -0.287 0.000 -0.304 0.232 0.000 -0.340
-1.175 0.000 1.875 -0.279 0.000 -0.315 0.236 0.000 -0.332
-1.185 0.000 1.864 -0.271 0.000 -0.326 0.239 0.000 -0.324
-1.193 0.000 1.853 -0.263 0.000 -0.337 0.243 0.000 -0.316
-1.202 0.000 1.842 -0.255 0.000 -0.347 0.246 0.000 -0.307
-1.210 0.000 1.830 -0.246 0.000 -0.357 0.250 0.000 -0.298
-1.218 0.000 1.818 -0.238 0.000 -0.367 0.253 0.000 -0.288
-1.226 0.000 1.806 -0.230 0.000 -0.376 0.256 0.000 -0.279
-1.234 0.000 1.793 -0.221 0.000 -0.385 0.260 0.000 -0.269
-1.241 0.000 1.780 -0.212 0.000 -0.394 0.263 0.000 -0.259
-1.248 0.000 1.767 -0.203 0.000 -0.403 0.266 0.000 -0.249
-1.254 0.000 1.753 -0.195 0.000 -0.411 0.269 0.000 -0.238
-1.261 0.000 1.739 -0.186 0.000 -0.418 0.272 0.000 -0.227
-1.267 0.000 1.725 -0.176 0.000 -0.426 0.275 0.000 -0.217
-1.273 0.000 1.711 -0.167 0.000 -0.433 0.278 0.000 -0.205
-1.278 0.000 1.696 -0.158 0.000 -0.440 0.281 0.000 -0.194
-1.283 0.000 1.682 -0.149 0.000 -0.446 0.284 0.000 -0.183
-1.288 0.000 1.667 -0.139 0.000 -0.452 0.287 0.000 -0.171
-1.292 0.000 1.652 -0.129 0.000 -0.457 0.289 0.000 -0.159
-1.296 0.000 1.636 -0.120 0.000 -0.462 0.292 0.000 -0.147
-1.300 0.000 1.621 -0.110 0.000 -0.467 0.295 0.000 -0.135
-1.304 0.000 1.605 -0.100 0.000 -0.471 0.297 0.000 -0.123
-1.307 0.000 1.589 -0.090 0.000 -0.475 0.299 0.000 -0.110
-1.310 0.000 1.573 -0.080 0.000 -0.479 0.302 0.000 -0.098
-1.312 0.000 1.557 -0.070 0.000 -0.482 0.304 0.000 -0.085
-1.314 0.000 1.541 -0.060 0.000 -0.484 0.306 0.000 -0.073
-1.316 0.000 1.525 -0.050 0.000 -0.487 0.308 0.000 -0.060
-1.318 0.000 1.509 -0.039 0.000 -0.488 0.310 0.000 -0.047
-1.319 0.000 1.493 -0.029 0.000 -0.490 0.312 0.000 -0.034
-1.320 0.000 1.476 -0.019 0.000 -0.491 0.313 0.000 -0.021
-1.320 0.000 1.459 -0.008 0.000 -0.491 0.315 0.000 -0.007
-1.320 0.000 1.443 0.002 0.000 -0.491 0.317 0.000 0.006
-1.320 0.000 1.427 0.013 0.000 -0.491 0.318 0.000 0.019
-1.319 0.000 1.410 0.024 0.000 -0.490 0.319 0.000 0.033
-1.318 0.000 1.394 0.034 0.000 -0.489 0.320 0.000 0.046
-1.317 0.000 1.378 0.045 0.000 -0.487 0.321 0.000 0.059
-1.315 0.000 1.362 0.056 0.000 -0.485 0.322 0.000 0.073
-1.313 0.000 1.346 0.066 0.000 -0.482 0.323 0.000 0.086
-1.311 0.000 1.329 0.077 0.000 -0.479 0.324 0.000 0.100
-1.308 0.000 1.313 0.088 0.000 -0.475 0.324 0.000 0.113
-1.305 0.000 1.297 0.099 0.000 -0.471 0.325 0.000 0.127
-1.302 0.000 1.282 0.109 0.000 -0.467 0.325 0.000 0.140
-1.298 0.000 1.266 0.120 0.000 -0.462 0.325 0.000 0.153
-1.294 0.000 1.251 0.131 0.000 -0.457 0.325 0.000 0.167
-1.289 0.000 1.236 0.142 0.000 -0.451 0.325 0.000 0.180
-1.284 0.000 1.221 0.153 0.000 -0.445 0.324 0.000 0.193
-1.279 0.000 1.206 0.164 0.000 -0.438 0.324 0.000 0.206
-1.273 0.000 1.192 0.174 0.000 -0.431 0.323 0.000 0.220
-1.267 0.000 1.177 0.185 0.000 -0.423 0.322 0.000 0.233
-1.261 0.000 1.164 0.196 0.000 -0.415 0.322 0.000 0.246
-1.254 0.000 1.150 0.206 0.000 -0.407 0.320 0.000 0.259
-1.247 0.000 1.136 0.217 0.000 -0.398 0.319 0.000 0.271
-1.240 0.000 1.123 0.228 0.000 -0.389 0.318 0.000 0.284
-1.232 0.000 1.111 0.238 0.000 -0.379 0.316 0.000 0.297
-1.224 0.000 1.098 0.249 0.000 -0.369 0.314 0.000 0.309
-1.216 0.000 1.086 0.259 0.000 -0.359 0.312 0.000 0.322
-1.207 0.000 1.074 0.270 0.000 -0.348 0.310 0.000 0.334
-1.198 0.000 1.062 0.280 0.000 -0.337 0.308 0.000 0.346
-1.188 0.000 1.051 0.290 0.000 -0.325 0.305 0.000 0.358
-1.178 0.000 1.040 0.300 0.000 -0.313 0.302 0.000 0.369
-1.168 0.000 1.030 0.310 0.000 -0.301 0.300 0.000 0.381
-1.158 0.000 1.020 0.320 0.000 -0.288 0.296 0.000 0.392
-1.147 0.000 1.011 0.330 0.000 -0.274 0.293 0.000 0.403
-1.136 0.000 1.002 0.340 0.000 -0.261 0.290 0.000 0.414
-1.124 0.000 0.993 0.349 0.000 -0.247 0.286 0.000 0.424
-1.112 0.000 0.985 0.359 0.000 -0.233 0.282 0.000 0.434
-1.100 0.000 0.980 0.368 0.000 -0.218 0.278 0.000 0.444
-1.088 0.000 0.973 0.377 0.000 -0.203 0.273 0.000 0.453
-1.075 0.000 0.966 0.386 0.000 -0.188 0.269 0.000 0.462
-1.062 0.000 0.960 0.395 0.000 -0.172 0.264 0.000 0.470
-1.049 0.000 0.955 0.404 0.000 -0.156 0.259 0.000 0.478
-1.035 0.000 0.950 0.412 0.000 -0.140 0.254 0.000 0.485
-1.021 0.000 0.945 0.421 0.000 -0.124 0.249 0.000 0.491
-1.007 0.000 0.942 0.429 0.000 -0.107 0.243 0.000 0.497
-0.993 0.000 0.938 0.437 0.000 -0.091 0.237 0.000 0.503
-0.978 0.000 0.936 0.445 0.000 -0.074 0.231 0.000 0.508
-0.963 0.000 0.932 0.452 0.000 -0.057 0.224 0.000 0.512
-0.948 0.000 0.931 0.460 0.000 -0.040 0.218 0.000 0.515
-0.933 0.000 0.930 0.467 0.000 -0.023 0.211 0.000 0.518
-0.917 0.000 0.929 0.474 0.000 -0.005 0.204 0.000 0.520
-0.901 0.000 0.929 0.480 0.000 0.012 0.196 0.000 0.521
-0.885 0.000 0.930 0.487 0.000 0.029 0.189 0.000 0.521
-0.869 0.000 0.931 0.493 0.000 0.047 0.181 0.000 0.521
-0.852 0.000 0.933 0.499 0.000 0.064 0.173 0.000 0.519
-0.835 0.000 0.935 0.504 0.000 0.081 0.165 0.000 0.517
-0.819 0.000 0.943 0.510 0.000 0.099 0.156 0.000 0.514
-0.802 0.000 0.947 0.515 0.000 0.116 0.147 0.000 0.510
-0.784 0.000 0.951 0.520 0.000 0.133 0.138 0.000 0.504
-0.767 0.000 0.956 0.524 0.000 0.149 0.128 0.000 0.498
-0.749 0.000 0.961 0.528 0.000 0.166 0.119 0.000 0.491
-0.732 0.000 0.967 0.532 0.000 0.182 0.109 0.000 0.482
-0.714 0.000 0.973 0.535 0.000 0.198 0.098 0.000 0.473
-0.696 0.000 0.980 0.538 0.000 0.214 0.088 0.000 0.462
-0.678 0.000 0.987 0.541 0.000 0.229 0.077 0.000 0.451
-0.660 0.000 0.995 0.544 0.000 0.244 0.066 0.000 0.438
-0.642 0.000 1.006 0.546 0.000 0.258 0.054 0.000 0.423
-0.624 0.000 1.015 0.547 0.000 0.272 0.043 0.000 0.408
-0.606 0.000 1.024 0.548 0.000 0.285 0.031 0.000 0.392
-0.587 0.000 1.034 0.549 0.000 0.298 0.018 0.000 0.374
-0.569 0.000 1.044 0.550 0.000 0.310 0.006 0.000 0.355
-0.551 0.000 1.055 0.550 0.000 0.322 -0.007 0.000 0.336
-0.532 0.000 1.065 0.549 0.000 0.332 -0.020 0.000 0.315
-0.514 0.000 1.077 0.548 0.000 0.343 -0.034 0.000 0.293
-0.496 0.000 1.088 0.547 0.000 0.352 -0.048 0.000 0.270
-0.478 0.000 1.113 0.545 0.000 0.361 -0.062 0.000 0.247
-0.460 0.000 1.125 0.543 0.000 0.369 -0.077 0.000 0.222
-0.442 0.000 1.138 0.540 0.000 0.376 -0.091 0.000 0.197
-0.424 0.000 1.150 0.537 0.000 0.382 -0.107 0.000 0.171
-0.406 0.000 1.163 0.533 0.000 0.387 -0.122 0.000 0.144
-0.388 0.000 1.176 0.528 0.000 0.391 -0.138 0.000 0.116
-0.371 0.000 1.189 0.524 0.000 0.395 -0.154 0.000 0.088
-0.353 0.000 1.202 0.518 0.000 0.397 -0.171 0.000 0.059
-0.336 0.000 1.215 0.512 0.000 0.399 -0.187 0.000 0.029
-0.319 0.000 1.238 0.506 0.000 0.400 -0.204 0.000 -0.001
-0.302 0.000 1.251 0.499 0.000 0.399 -0.222 0.000 -0.033
-0.286 0.000 1.265 0.491 0.000 0.397 -0.240 0.000 -0.064
-0.270 0.000 1.278 0.483 0.000 0.395 -0.258 0.000 -0.096
-0.254 0.000 1.291 0.474 0.000 0.391 -0.277 0.000 -0.127
-0.238 0.000 1.304 0.464 0.000 0.386 -0.296 0.000 -0.157
-0.223 0.000 1.317 0.454 0.000 0.380 -0.315 0.000 -0.188
-0.208 0.000 1.329 0.443 0.000 0.374 -0.335 0.000 -0.218
-0.193 0.000 1.342 0.432 0.000 0.366 -0.355 0.000 -0.248
-0.179 0.000 1.354 0.420 0.000 0.357 -0.375 0.000 -0.277
-0.165 0.000 1.358 0.407 0.000 0.347 -0.397 0.000 -0.306
-0.152 0.000 1.369 0.393 0.000 0.336 -0.418 0.000 -0.333
-0.139 0.000 1.380 0.379 0.000 0.325 -0.439 0.000 -0.359
-0.127 0.000 1.391 0.364 0.000 0.312 -0.459 0.000 -0.382
-0.115 0.000 1.401 0.348 0.000 0.299 -0.477 0.000 -0.404
-0.104 0.000 1.411 0.332 0.000 0.285 -0.495 0.000 -0.423
-0.093 0.000 1.420 0.315 0.000 0.271 -0.511 0.000 -0.441
-0.083 0.000 1.429 0.298 0.000 0.256 -0.527 0.000 -0.457
-0.073 0.000 1.437 0.280 0.000 0.241 -0.541 0.000 -0.471
-0.064 0.000 1.444 0.262 0.000 0.224 -0.554 0.000 -0.482
-0.056 0.000 1.451 0.243 0.000 0.208 -0.564 0.000 -0.491
-0.048 0.000 1.458 0.225 0.000 0.192 -0.570 0.000 -0.496
-0.041 0.000 1.464 0.206 0.000 0.175 -0.573 0.000 -0.498
-0.034 0.000 1.469 0.186 0.000 0.159 -0.572 0.000 -0.496
-0.028 0.000 1.474 0.168 0.000 0.142 -0.567 0.000 -0.491
-0.023 0.000 1.479 0.149 0.000 0.126 -0.558 0.000 -0.482
-0.018 0.000 1.483 0.130 0.000 0.110 -0.545 0.000 -0.469
-0.014 0.000 1.486 0.113 0.000 0.095 -0.528 0.000 -0.453
-0.011 0.000 1.489 0.095 0.000 0.080 -0.507 0.000 -0.433
-0.008 0.000 1.496 0.079 0.000 0.067 -0.481 0.000 -0.409
-0.006 0.000 1.498 0.063 0.000 0.054 -0.449 0.000 -0.380
-0.004 0.000 1.499 0.049 0.000 0.041 -0.410 0.000 -0.346
-0.002 0.000 1.500 0.036 0.000 0.031 -0.365 0.000 -0.306
-0.001 0.000 1.501 0.025 0.000 0.021 -0.313 0.000 -0.262
-0.001 0.000 1.502 0.015 0.000 0.013 -0.254 0.000 -0.212
-0.000 0.000 1.502 0.008 0.000 0.007 -0.189 0.000 -0.157
-0.000 0.000 1.502 0.003 0.000 0.003 -0.117 0.000 -0.097
0.000 0.000 1.502 0.000 0.000 0.001 -0.038 0.000 -0.031
0.000 0.000 1.500 0.000 0.000 0.000 0.000 0.000 0.000
