0.000 0.000 0.250 0.000 0.000 0.000 0.000 0.000 0.000
0.000 0.000 0.250 0.000 0.000 0.000 0.000 0.000 0.020
0.000 0.000 0.250 0.000 0.000 0.001 0.000 0.000 0.038
0.000 0.000 0.250 0.000 0.000 0.003 0.000 0.000 0.056
0.000 0.000 0.250 0.000 0.000 0.005 0.000 0.000 0.074
0.000 0.000 0.250 0.000 0.000 0.008 0.000 0.000 0.090
0.000 0.000 0.251 0.000 0.000 0.011 0.000 0.000 0.106
0.000 0.000 0.251 0.000 0.000 0.015 0.000 0.000 0.121
0.000 0.000 0.252 0.000 0.000 0.019 0.000 0.000 0.135
0.000 0.000 0.252 0.000 0.000 0.024 0.000 0.000 0.149
0.000 0.000 0.253 0.000 0.000 0.029 0.000 0.000 0.162
0.000 0.000 0.254 0.000 0.000 0.035 0.000 0.000 0.174
0.000 0.000 0.256 0.000 0.000 0.041 0.000 0.000 0.185
0.000 0.000 0.257 0.000 0.000 0.047 0.000 0.000 0.196
0.000 0.000 0.259 0.000 0.000 0.054 0.000 0.000 0.206
0.000 0.000 0.261 0.000 0.000 0.061 0.000 0.000 0.216
0.000 0.000 0.263 0.000 0.000 0.068 0.000 0.000 0.225
0.000 0.000 0.265 0.000 0.000 0.076 0.000 0.000 0.233
0.000 0.000 0.268 0.000 0.000 0.083 0.000 0.000 0.241
0.000 0.000 0.271 0.000 0.000 0.092 0.000 0.000 0.248
0.000 0.000 0.274 0.000 0.000 0.100 0.000 0.000 0.254
0.000 0.000 0.277 0.000 0.000 0.109 0.000 0.000 0.260
0.000 0.000 0.281 0.000 0.000 0.117 0.000 0.000 0.265
0.000 0.000 0.285 0.000 0.000 0.126 0.000 0.000 0.270
0.000 0.000 0.290 0.000 0.000 0.135 0.000 0.000 0.274
0.000 0.000 0.294 0.000 0.000 0.144 0.000 0.000 0.278
0.000 0.000 0.299 0.000 0.000 0.154 0.000 0.000 0.281
0.000 0.000 0.304 0.000 0.000 0.163 0.000 0.000 0.283
0.000 0.000 0.310 0.000 0.000 0.173 0.000 0.000 0.285
0.000 0.000 0.316 0.000 0.000 0.182 0.000 0.000 0.287
0.000 0.000 0.322 0.000 0.000 0.192 0.000 0.000 0.288
0.000 0.000 0.329 0.000 0.000 0.201 0.000 0.000 0.289
0.000 0.000 0.336 0.000 0.000 0.211 0.000 0.000 0.289
0.000 0.000 0.343 0.000 0.000 0.221 0.000 0.000 0.288
0.000 0.000 0.350 0.000 0.000 0.230 0.000 0.000 0.288
0.000 0.000 0.358 0.000 0.000 0.240 0.000 0.000 0.286
0.000 0.000 0.366 0.000 0.000 0.249 0.000 0.000 0.285
0.000 0.000 0.375 0.000 0.000 0.259 0.000 0.000 0.283
0.000 0.000 0.383 0.000 0.000 0.268 0.000 0.000 0.280
0.000 0.000 0.393 0.000 0.000 0.277 0.000 0.000 0.277
0.000 0.000 0.402 0.000 0.000 0.286 0.000 0.000 0.274
0.000 0.000 0.412 0.000 0.000 0.296 0.000 0.000 0.270
0.000 0.000 0.422 0.000 0.000 0.304 0.000 0.000 0.266
0.000 0.000 0.432 0.000 0.000 0.313 0.000 0.000 0.262
0.000 0.000 0.442 0.000 0.000 0.322 0.000 0.000 0.257
0.000 0.000 0.453 0.000 0.000 0.330 0.000 0.000 0.252
0.000 0.000 0.464 0.000 0.000 0.339 0.000 0.000 0.247
0.000 0.000 0.476 0.000 0.000 0.347 0.000 0.000 0.241
0.000 0.000 0.488 0.000 0.000 0.355 0.000 0.000 0.235
0.000 0.000 0.500 0.000 0.000 0.362 0.000 0.000 0.229
0.000 0.000 0.512 0.000 0.000 0.370 0.000 0.000 0.223
0.000 0.000 0.524 0.000 0.000 0.377 0.000 0.000 0.216
0.000 0.000 0.537 0.000 0.000 0.384 0.000 0.000 0.209
0.000 0.000 0.550 0.000 0.000 0.391 0.000 0.000 0.201
0.000 0.000 0.563 0.000 0.000 0.398 0.000 0.000 0.194
0.000 0.000 0.576 0.000 0.000 0.404 0.000 0.000 0.186
0.000 0.000 0.590 0.000 0.000 0.410 0.000 0.000 0.178
0.000 0.000 0.604 0.000 0.000 0.416 0.000 0.000 0.170
0.000 0.000 0.618 0.000 0.000 0.422 0.000 0.000 0.162
0.000 0.000 0.632 0.000 0.000 0.427 0.000 0.000 0.153
0.000 0.000 0.646 0.000 0.000 0.432 0.000 0.000 0.145
0.000 0.000 0.660 0.000 0.000 0.436 0.000 0.000 0.136
0.000 0.000 0.675 0.000 0.000 0.441 0.000 0.000 0.127
0.000 0.000 0.690 0.000 0.000 0.445 0.000 0.000 0.118
0.000 0.000 0.705 0.000 0.000 0.449 0.000 0.000 0.108
0.000 0.000 0.720 0.000 0.000 0.452 0.000 0.000 0.099
0.000 0.000 0.735 0.000 0.000 0.455 0.000 0.000 0.089
0.000 0.000 0.750 0.000 0.000 0.458 0.000 0.000 0.080
0.000 0.000 0.765 0.000 0.000 0.460 0.000 0.000 0.070
0.000 0.000 0.781 0.000 0.000 0.463 0.000 0.000 0.060
0.000 0.000 0.796 0.000 0.000 0.464 0.000 0.000 0.050
0.000 0.000 0.812 0.000 0.000 0.466 0.000 0.000 0.041
0.000 0.000 0.827 0.000 0.000 0.467 0.000 0.000 0.031
0.000 0.000 0.843 0.000 0.000 0.468 0.000 0.000 0.021
0.000 0.000 0.858 0.000 0.000 0.469 0.000 0.000 0.011
0.000 0.000 0.874 0.000 0.000 0.469 0.000 0.000 0.001
0.000 0.000 0.889 0.000 0.000 0.469 0.000 0.000 -0.009
0.000 0.000 0.905 0.000 0.000 0.468 0.000 0.000 -0.019
0.000 0.000 0.921 0.000 0.000 0.467 0.000 0.000 -0.029
0.000 0.000 0.936 0.000 0.000 0.466 0.000 0.000 -0.039
0.000 0.000 0.952 0.000 0.000 0.465 0.000 0.000 -0.049
0.000 0.000 0.967 0.000 0.000 0.463 0.000 0.000 -0.059
0.000 0.000 0.982 0.000 0.000 0.461 0.000 0.000 -0.069
0.000 0.000 0.998 0.000 0.000 0.458 0.000 0.000 -0.078
0.000 0.000 1.013 0.000 0.000 0.456 0.000 0.000 -0.088
0.000 0.000 1.028 0.000 0.000 0.453 0.000 0.000 -0.097
0.000 0.000 1.043 0.000 0.000 0.449 0.000 0.000 -0.107
0.000 0.000 1.058 0.000 0.000 0.445 0.000 0.000 -0.116
0.000 0.000 1.073 0.000 0.000 0.441 0.000 0.000 -0.125
0.000 0.000 1.087 0.000 0.000 0.437 0.000 0.000 -0.134
0.000 0.000 1.102 0.000 0.000 0.432 0.000 0.000 -0.143
0.000 0.000 1.116 0.000 0.000 0.428 0.000 0.000 -0.152
0.000 0.000 1.130 0.000 0.000 0.422 0.000 0.000 -0.160
0.000 0.000 1.144 0.000 0.000 0.417 0.000 0.000 -0.169
0.000 0.000 1.158 0.000 0.000 0.411 0.000 0.000 -0.177
0.000 0.000 1.172 0.000 0.000 0.405 0.000 0.000 -0.185
0.000 0.000 1.185 0.000 0.000 0.399 0.000 0.000 -0.193
0.000 0.000 1.198 0.000 0.000 0.392 0.000 0.000 -0.200
0.000 0.000 1.211 0.000 0.000 0.385 0.000 0.000 -0.208
0.000 0.000 1.224 0.000 0.000 0.378 0.000 0.000 -0.215
0.000 0.000 1.236 0.000 0.000 0.371 0.000 0.000 -0.222
0.000 0.000 1.249 0.000 0.000 0.364 0.000 0.000 -0.228
0.000 0.000 1.261 0.000 0.000 0.356 0.000 0.000 -0.234
0.000 0.000 1.272 0.000 0.000 0.348 0.000 0.000 -0.240
0.000 0.000 1.284 0.000 0.000 0.340 0.000 0.000 -0.246
0.000 0.000 1.295 0.000 0.000 0.332 0.000 0.000 -0.251
0.000 0.000 1.306 0.000 0.000 0.323 0.000 0.000 -0.257
0.000 0.000 1.317 0.000 0.000 0.315 0.000 0.000 -0.261
0.000 0.000 1.327 0.000 0.000 0.306 0.000 0.000 -0.266
0.000 0.000 1.337 0.000 0.000 0.297 0.000 0.000 -0.270
0.000 0.000 1.347 0.000 0.000 0.288 0.000 0.000 -0.273
0.000 0.000 1.356 0.000 0.000 0.279 0.000 0.000 -0.277
0.000 0.000 1.365 0.000 0.000 0.269 0.000 0.000 -0.280
0.000 0.000 1.374 0.000 0.000 0.260 0.000 0.000 -0.282
0.000 0.000 1.382 0.000 0.000 0.251 0.000 0.000 -0.284
0.000 0.000 1.391 0.000 0.000 0.241 0.000 0.000 -0.286
0.000 0.000 1.399 0.000 0.000 0.232 0.000 0.000 -0.287
0.000 0.000 1.406 0.000 0.000 0.222 0.000 0.000 -0.288
0.000 0.000 1.413 0.000 0.000 0.212 0.000 0.000 -0.289
0.000 0.000 1.420 0.000 0.000 0.203 0.000 0.000 -0.289
0.000 0.000 1.427 0.000 0.000 0.193 0.000 0.000 -0.288
0.000 0.000 1.433 0.000 0.000 0.184 0.000 0.000 -0.287
0.000 0.000 1.439 0.000 0.000 0.174 0.000 0.000 -0.286
0.000 0.000 1.445 0.000 0.000 0.165 0.000 0.000 -0.284
0.000 0.000 1.450 0.000 0.000 0.155 0.000 0.000 -0.281
0.000 0.000 1.455 0.000 0.000 0.146 0.000 0.000 -0.278
0.000 0.000 1.460 0.000 0.000 0.137 0.000 0.000 -0.275
0.000 0.000 1.464 0.000 0.000 0.128 0.000 0.000 -0.271
0.000 0.000 1.468 0.000 0.000 0.119 0.000 0.000 -0.266
0.000 0.000 1.472 0.000 0.000 0.110 0.000 0.000 -0.261
0.000 0.000 1.476 0.000 0.000 0.101 0.000 0.000 -0.255
0.000 0.000 1.479 0.000 0.000 0.093 0.000 0.000 -0.249
0.000 0.000 1.482 0.000 0.000 0.085 0.000 0.000 -0.242
0.000 0.000 1.484 0.000 0.000 0.077 0.000 0.000 -0.234
0.000 0.000 1.487 0.000 0.000 0.069 0.000 0.000 -0.226
0.000 0.000 1.489 0.000 0.000 0.062 0.000 0.000 -0.217
0.000 0.000 1.491 0.000 0.000 0.055 0.000 0.000 -0.208
0.000 0.000 1.493 0.000 0.000 0.048 0.000 0.000 -0.198
0.000 0.000 1.494 0.000 0.000 0.041 0.000 0.000 -0.187
0.000 0.000 1.495 0.000 0.000 0.035 0.000 0.000 -0.176
0.000 0.000 1.497 0.000 0.000 0.030 0.000 0.000 -0.164
0.000 0.000 1.497 0.000 0.000 0.025 0.000 0.000 -0.151
0.000 0.000 1.498 0.000 0.000 0.020 0.000 0.000 -0.137
0.000 0.000 1.499 0.000 0.000 0.015 0.000 0.000 -0.123
0.000 0.000 1.499 0.000 0.000 0.012 0.000 0.000 -0.108
0.000 0.000 1.500 0.000 0.000 0.008 0.000 0.000 -0.093
0.000 0.000 1.500 0.000 0.000 0.005 0.000 0.000 -0.076
0.000 0.000 1.500 0.000 0.000 0.003 0.000 0.000 -0.059
0.000 0.000 1.500 0.000 0.000 0.001 0.000 0.000 -0.041
0.000 0.000 1.500 0.000 0.000 0.000 0.000 0.000 -0.022
0.000 0.000 1.500 0.000 0.000 0.000 0.000 0.000 -0.003
0.000 0.000 1.500 0.000 0.000 0.000 0.000 0.000 0.000
0.000 0.000 1.500 0.020 0.021 0.000 1.131 1.199 0.000
0.002 0.002 1.500 0.072 0.077 0.000 2.009 2.111 0.000
0.005 0.006 1.500 0.151 0.159 0.000 2.661 2.765 0.000
0.012 0.013 1.500 0.248 0.258 0.000 3.112 3.189 0.000
0.022 0.023 1.500 0.356 0.369 0.000 3.386 3.413 0.000
0.036 0.037 1.500 0.471 0.484 0.000 3.509 3.463 0.000
0.053 0.055 1.500 0.588 0.598 0.000 3.506 3.371 0.000
0.075 0.077 1.500 0.704 0.707 0.000 3.401 3.163 0.000
0.100 0.102 1.500 0.814 0.807 0.000 3.221 2.869 0.000
0.129 0.131 1.500 0.918 0.897 0.000 2.990 2.517 0.000
0.161 0.162 1.500 1.013 0.975 0.000 2.733 2.136 0.000
0.196 0.195 1.500 1.100 1.040 0.000 2.474 1.755 0.000
0.234 0.231 1.500 1.178 1.092 0.000 2.225 1.384 0.000
0.275 0.268 1.500 1.248 1.132 0.000 1.984 1.026 0.000
0.317 0.306 1.500 1.310 1.160 0.000 1.753 0.680 0.000
0.362 0.345 1.500 1.365 1.177 0.000 1.531 0.347 0.000
0.408 0.384 1.500 1.412 1.184 0.000 1.318 0.029 0.000
0.456 0.424 1.500 1.453 1.179 0.000 1.113 -0.276 0.000
0.505 0.463 1.500 1.486 1.165 0.000 0.917 -0.566 0.000
0.555 0.501 1.500 1.514 1.142 0.000 0.729 -0.841 0.000
0.606 0.539 1.500 1.535 1.109 0.000 0.549 -1.100 0.000
0.657 0.575 1.500 1.550 1.069 0.000 0.378 -1.342 0.000
0.709 0.610 1.500 1.560 1.020 0.000 0.214 -1.568 0.000
0.761 0.643 1.500 1.565 0.965 0.000 0.058 -1.777 0.000
0.813 0.674 1.500 1.564 0.902 0.000 -0.090 -1.967 0.000
0.865 0.703 1.500 1.559 0.834 0.000 -0.231 -2.140 0.000
0.917 0.730 1.500 1.549 0.760 0.000 -0.364 -2.293 0.000
0.968 0.754 1.500 1.535 0.681 0.000 -0.491 -2.427 0.000
1.019 0.775 1.500 1.516 0.598 0.000 -0.610 -2.541 0.000
1.069 0.793 1.500 1.494 0.512 0.000 -0.722 -2.635 0.000
1.118 0.809 1.500 1.468 0.423 0.000 -0.828 -2.708 0.000
1.167 0.821 1.500 1.439 0.332 0.000 -0.927 -2.760 0.000
1.214 0.831 1.500 1.407 0.240 0.000 -1.020 -2.793 0.000
1.260 0.837 1.500 1.371 0.146 0.000 -1.106 -2.807 0.000
1.305 0.841 1.500 1.333 0.053 0.000 -1.186 -2.805 0.000
1.349 0.841 1.500 1.292 -0.040 0.000 -1.260 -2.786 0.000
1.392 0.838 1.500 1.249 -0.133 0.000 -1.329 -2.752 0.000
1.432 0.832 1.500 1.204 -0.223 0.000 -1.391 -2.704 0.000
1.472 0.823 1.500 1.157 -0.313 0.000 -1.448 -2.644 0.000
1.509 0.811 1.500 1.107 -0.399 0.000 -1.500 -2.572 0.000
1.545 0.797 1.500 1.057 -0.484 0.000 -1.547 -2.489 0.000
1.580 0.779 1.500 1.005 -0.565 0.000 -1.588 -2.397 0.000
1.612 0.759 1.500 0.951 -0.643 0.000 -1.624 -2.297 0.000
1.643 0.736 1.500 0.896 -0.718 0.000 -1.656 -2.189 0.000
1.672 0.711 1.500 0.841 -0.789 0.000 -1.683 -2.075 0.000
1.699 0.684 1.500 0.784 -0.856 0.000 -1.705 -1.956 0.000
1.724 0.654 1.500 0.727 -0.919 0.000 -1.723 -1.833 0.000
1.747 0.623 1.500 0.670 -0.978 0.000 -1.737 -1.707 0.000
1.769 0.589 1.500 0.612 -1.033 0.000 -1.746 -1.579 0.000
1.788 0.554 1.500 0.553 -1.083 0.000 -1.752 -1.451 0.000
1.806 0.517 1.500 0.495 -1.129 0.000 -1.754 -1.323 0.000
1.821 0.479 1.500 0.437 -1.171 0.000 -1.752 -1.194 0.000
1.835 0.439 1.500 0.378 -1.209 0.000 -1.747 -1.066 0.000
1.846 0.398 1.500 0.320 -1.242 0.000 -1.738 -0.939 0.000
1.856 0.356 1.500 0.263 -1.272 0.000 -1.726 -0.811 0.000
1.864 0.314 1.500 0.205 -1.296 0.000 -1.712 -0.685 0.000
1.870 0.270 1.500 0.149 -1.317 0.000 -1.694 -0.559 0.000
1.874 0.226 1.500 0.093 -1.334 0.000 -1.673 -0.435 0.000
1.876 0.181 1.500 0.037 -1.346 0.000 -1.650 -0.311 0.000
1.876 0.136 1.500 -0.017 -1.354 0.000 -1.625 -0.189 0.000
1.875 0.091 1.500 -0.071 -1.359 0.000 -1.597 -0.068 0.000
1.872 0.046 1.500 -0.124 -1.359 0.000 -1.567 0.051 0.000
1.867 0.001 1.500 -0.175 -1.355 0.000 -1.534 0.168 0.000
1.860 -0.044 1.500 -0.226 -1.348 0.000 -1.500 0.283 0.000
1.852 -0.089 1.500 -0.275 -1.337 0.000 -1.465 0.396 0.000
1.842 -0.133 1.500 -0.323 -1.321 0.000 -1.428 0.507 0.000
1.830 -0.177 1.500 -0.370 -1.303 0.000 -1.389 0.615 0.000
1.817 -0.220 1.500 -0.416 -1.281 0.000 -1.349 0.721 0.000
1.802 -0.262 1.500 -0.460 -1.255 0.000 -1.308 0.824 0.000
1.786 -0.304 1.500 -0.503 -1.226 0.000 -1.265 0.924 0.000
1.769 -0.344 1.500 -0.544 -1.193 0.000 -1.222 1.021 0.000
1.750 -0.383 1.500 -0.584 -1.158 0.000 -1.179 1.115 0.000
1.730 -0.421 1.500 -0.623 -1.119 0.000 -1.135 1.205 0.000
1.709 -0.457 1.500 -0.660 -1.077 0.000 -1.090 1.292 0.000
1.686 -0.493 1.500 -0.695 -1.033 0.000 -1.045 1.375 0.000
1.662 -0.526 1.500 -0.729 -0.986 0.000 -1.000 1.454 0.000
1.638 -0.558 1.500 -0.762 -0.936 0.000 -0.955 1.530 0.000
1.612 -0.589 1.500 -0.793 -0.884 0.000 -0.910 1.600 0.000
1.585 -0.617 1.500 -0.823 -0.830 0.000 -0.866 1.667 0.000
1.557 -0.644 1.500 -0.851 -0.773 0.000 -0.822 1.729 0.000
1.528 -0.669 1.500 -0.877 -0.715 0.000 -0.778 1.787 0.000
1.499 -0.691 1.500 -0.902 -0.654 0.000 -0.736 1.839 0.000
1.468 -0.712 1.500 -0.926 -0.592 0.000 -0.694 1.887 0.000
1.437 -0.731 1.500 -0.949 -0.529 0.000 -0.654 1.929 0.000
1.405 -0.747 1.500 -0.970 -0.464 0.000 -0.614 1.966 0.000
1.372 -0.762 1.500 -0.990 -0.398 0.000 -0.576 1.998 0.000
1.339 -0.774 1.500 -1.008 -0.331 0.000 -0.540 2.024 0.000
1.305 -0.784 1.500 -1.026 -0.263 0.000 -0.505 2.044 0.000
1.271 -0.791 1.500 -1.042 -0.195 0.000 -0.472 2.059 0.000
1.236 -0.797 1.500 -1.057 -0.126 0.000 -0.440 2.067 0.000
1.200 -0.800 1.500 -1.071 -0.057 0.000 -0.410 2.069 0.000
1.164 -0.800 1.500 -1.084 0.012 0.000 -0.382 2.065 0.000
1.128 -0.799 1.500 -1.097 0.080 0.000 -0.355 2.054 0.000
1.091 -0.795 1.500 -1.108 0.149 0.000 -0.330 2.037 0.000
1.054 -0.789 1.500 -1.119 0.216 0.000 -0.306 2.014 0.000
1.017 -0.781 1.500 -1.128 0.283 0.000 -0.283 1.986 0.000
0.979 -0.770 1.500 -1.137 0.348 0.000 -0.261 1.952 0.000
0.941 -0.757 1.500 -1.146 0.413 0.000 -0.241 1.913 0.000
0.903 -0.743 1.500 -1.154 0.476 0.000 -0.222 1.869 0.000
0.864 -0.726 1.500 -1.161 0.537 0.000 -0.204 1.821 0.000
0.826 -0.707 1.500 -1.167 0.597 0.000 -0.187 1.767 0.000
0.787 -0.686 1.500 -1.173 0.655 0.000 -0.172 1.709 0.000
0.747 -0.663 1.500 -1.179 0.711 0.000 -0.157 1.647 0.000
0.708 -0.639 1.500 -1.184 0.764 0.000 -0.143 1.582 0.000
0.669 -0.612 1.500 -1.188 0.816 0.000 -0.130 1.512 0.000
0.629 -0.584 1.500 -1.192 0.865 0.000 -0.118 1.439 0.000
0.589 -0.555 1.500 -1.196 0.912 0.000 -0.107 1.362 0.000
0.549 -0.524 1.500 -1.199 0.956 0.000 -0.096 1.283 0.000
0.509 -0.491 1.500 -1.202 0.997 0.000 -0.086 1.200 0.000
0.469 -0.457 1.500 -1.205 1.036 0.000 -0.077 1.115 0.000
0.429 -0.422 1.500 -1.208 1.071 0.000 -0.068 1.027 0.000
0.389 -0.386 1.500 -1.210 1.104 0.000 -0.060 0.938 0.000
0.349 -0.349 1.500 -1.212 1.134 0.000 -0.052 0.846 0.000
0.308 -0.311 1.500 -1.213 1.160 0.000 -0.045 0.752 0.000
0.268 -0.272 1.500 -1.215 1.184 0.000 -0.038 0.656 0.000
0.227 -0.232 1.500 -1.216 1.204 0.000 -0.032 0.560 0.000
0.187 -0.191 1.500 -1.217 1.221 0.000 -0.025 0.462 0.000
0.146 -0.151 1.500 -1.217 1.235 0.000 -0.019 0.363 0.000
0.106 -0.109 1.500 -1.218 1.245 0.000 -0.014 0.263 0.000
0.065 -0.068 1.500 -1.218 1.252 0.000 -0.008 0.163 0.000
0.025 -0.026 1.500 -1.218 1.256 0.000 -0.002 0.062 0.000
-0.016 0.016 1.500 -1.218 1.256 0.000 0.003 -0.039 0.000
-0.057 0.058 1.500 -1.218 1.254 0.000 0.009 -0.139 0.000
-0.097 0.099 1.500 -1.218 1.247 0.000 0.015 -0.240 0.000
-0.138 0.141 1.500 -1.217 1.238 0.000 0.020 -0.339 0.000
-0.178 0.182 1.500 -1.217 1.225 0.000 0.026 -0.439 0.000
-0.219 0.222 1.500 -1.216 1.208 0.000 0.032 -0.537 0.000
-0.259 0.262 1.500 -1.214 1.189 0.000 0.039 -0.634 0.000
-0.300 0.301 1.500 -1.213 1.166 0.000 0.046 -0.730 0.000
-0.340 0.340 1.500 -1.211 1.140 0.000 0.053 -0.824 0.000
-0.380 0.377 1.500 -1.209 1.111 0.000 0.060 -0.916 0.000
-0.421 0.414 1.500 -1.207 1.079 0.000 0.068 -1.006 0.000
-0.461 0.449 1.500 -1.205 1.044 0.000 0.077 -1.095 0.000
-0.501 0.483 1.500 -1.202 1.006 0.000 0.086 -1.180 0.000
-0.541 0.516 1.500 -1.199 0.966 0.000 0.096 -1.263 0.000
-0.581 0.548 1.500 -1.196 0.922 0.000 0.106 -1.344 0.000
-0.620 0.578 1.500 -1.192 0.876 0.000 0.117 -1.421 0.000
-0.660 0.606 1.500 -1.188 0.828 0.000 0.129 -1.495 0.000
-0.699 0.633 1.500 -1.183 0.777 0.000 0.142 -1.565 0.000
-0.739 0.658 1.500 -1.179 0.724 0.000 0.155 -1.632 0.000
-0.778 0.681 1.500 -1.173 0.668 0.000 0.170 -1.695 0.000
-0.817 0.702 1.500 -1.167 0.611 0.000 0.185 -1.754 0.000
-0.856 0.722 1.500 -1.161 0.551 0.000 0.202 -1.808 0.000
-0.894 0.739 1.500 -1.154 0.490 0.000 0.219 -1.858 0.000
-0.933 0.754 1.500 -1.146 0.428 0.000 0.238 -1.903 0.000
-0.971 0.767 1.500 -1.138 0.364 0.000 0.258 -1.944 0.000
-1.008 0.778 1.500 -1.129 0.298 0.000 0.279 -1.979 0.000
-1.046 0.787 1.500 -1.119 0.232 0.000 0.301 -2.008 0.000
-1.083 0.794 1.500 -1.109 0.165 0.000 0.325 -2.032 0.000
-1.120 0.798 1.500 -1.098 0.097 0.000 0.350 -2.050 0.000
-1.156 0.800 1.500 -1.086 0.028 0.000 0.376 -2.063 0.000
-1.192 0.800 1.500 -1.073 -0.041 0.000 0.404 -2.068 0.000
-1.227 0.798 1.500 -1.059 -0.110 0.000 0.434 -2.068 0.000
-1.262 0.793 1.500 -1.044 -0.178 0.000 0.465 -2.061 0.000
-1.297 0.786 1.500 -1.028 -0.247 0.000 0.497 -2.048 0.000
-1.331 0.776 1.500 -1.011 -0.315 0.000 0.532 -2.029 0.000
-1.364 0.765 1.500 -0.992 -0.382 0.000 0.568 -2.005 0.000
-1.397 0.751 1.500 -0.973 -0.448 0.000 0.605 -1.974 0.000
-1.429 0.735 1.500 -0.952 -0.513 0.000 0.644 -1.938 0.000
-1.460 0.717 1.500 -0.930 -0.577 0.000 0.684 -1.897 0.000
-1.491 0.696 1.500 -0.906 -0.640 0.000 0.726 -1.851 0.000
-1.521 0.674 1.500 -0.881 -0.700 0.000 0.768 -1.799 0.000
-1.550 0.650 1.500 -0.855 -0.759 0.000 0.811 -1.743 0.000
-1.578 0.624 1.500 -0.827 -0.816 0.000 0.855 -1.682 0.000
-1.605 0.595 1.500 -0.798 -0.871 0.000 0.899 -1.616 0.000
-1.631 0.566 1.500 -0.768 -0.924 0.000 0.943 -1.546 0.000
-1.656 0.534 1.500 -0.735 -0.974 0.000 0.988 -1.472 0.000
-1.680 0.501 1.500 -0.702 -1.022 0.000 1.033 -1.394 0.000
-1.702 0.466 1.500 -0.667 -1.067 0.000 1.078 -1.312 0.000
-1.724 0.430 1.500 -0.630 -1.109 0.000 1.123 -1.226 0.000
-1.744 0.392 1.500 -0.592 -1.149 0.000 1.167 -1.136 0.000
-1.763 0.353 1.500 -0.552 -1.185 0.000 1.211 -1.043 0.000
-1.781 0.313 1.500 -0.511 -1.218 0.000 1.254 -0.947 0.000
-1.797 0.272 1.500 -0.469 -1.248 0.000 1.296 -0.848 0.000
-1.812 0.230 1.500 -0.425 -1.275 0.000 1.337 -0.745 0.000
-1.826 0.187 1.500 -0.380 -1.298 0.000 1.377 -0.640 0.000
-1.838 0.144 1.500 -0.333 -1.317 0.000 1.416 -0.532 0.000
-1.848 0.100 1.500 -0.285 -1.333 0.000 1.454 -0.422 0.000
-1.857 0.055 1.500 -0.236 -1.345 0.000 1.490 -0.310 0.000
-1.864 0.010 1.500 -0.186 -1.354 0.000 1.524 -0.195 0.000
-1.869 -0.035 1.500 -0.135 -1.358 0.000 1.557 -0.078 0.000
-1.873 -0.080 1.500 -0.083 -1.359 0.000 1.587 0.040 0.000
-1.875 -0.126 1.500 -0.029 -1.356 0.000 1.615 0.160 0.000
-1.875 -0.171 1.500 0.025 -1.348 0.000 1.642 0.282 0.000
-1.873 -0.215 1.500 0.080 -1.337 0.000 1.665 0.405 0.000
-1.869 -0.260 1.500 0.136 -1.321 0.000 1.686 0.529 0.000
-1.864 -0.303 1.500 0.192 -1.301 0.000 1.705 0.655 0.000
-1.856 -0.346 1.500 0.249 -1.278 0.000 1.720 0.781 0.000
-1.847 -0.388 1.500 0.307 -1.249 0.000 1.733 0.908 0.000
-1.836 -0.429 1.500 0.365 -1.217 0.000 1.742 1.035 0.000
-1.823 -0.469 1.500 0.423 -1.180 0.000 1.748 1.163 0.000
-1.808 -0.508 1.500 0.481 -1.140 0.000 1.751 1.291 0.000
-1.791 -0.545 1.500 0.539 -1.094 0.000 1.749 1.420 0.000
-1.772 -0.581 1.500 0.598 -1.045 0.000 1.745 1.548 0.000
-1.751 -0.615 1.500 0.656 -0.991 0.000 1.736 1.676 0.000
-1.728 -0.647 1.500 0.713 -0.933 0.000 1.723 1.802 0.000
-1.704 -0.677 1.500 0.770 -0.871 0.000 1.706 1.925 0.000
-1.677 -0.705 1.500 0.827 -0.805 0.000 1.685 2.046 0.000
-1.649 -0.730 1.500 0.882 -0.735 0.000 1.659 2.161 0.000
-1.618 -0.754 1.500 0.937 -0.661 0.000 1.629 2.269 0.000
-1.586 -0.774 1.500 0.991 -0.584 0.000 1.594 2.371 0.000
-1.552 -0.793 1.500 1.043 -0.504 0.000 1.554 2.466 0.000
-1.517 -0.808 1.500 1.094 -0.420 0.000 1.509 2.551 0.000
-1.479 -0.821 1.500 1.144 -0.334 0.000 1.459 2.625 0.000
-1.440 -0.830 1.500 1.191 -0.245 0.000 1.403 2.689 0.000
-1.400 -0.837 1.500 1.237 -0.155 0.000 1.342 2.740 0.000
-1.358 -0.840 1.500 1.281 -0.063 0.000 1.275 2.777 0.000
-1.315 -0.841 1.500 1.322 0.030 0.000 1.202 2.799 0.000
-1.270 -0.838 1.500 1.361 0.123 0.000 1.123 2.806 0.000
-1.224 -0.833 1.500 1.397 0.217 0.000 1.039 2.796 0.000
-1.177 -0.824 1.500 1.430 0.309 0.000 0.948 2.768 0.000
-1.129 -0.812 1.500 1.460 0.401 0.000 0.850 2.720 0.000
-1.080 -0.797 1.500 1.486 0.490 0.000 0.747 2.653 0.000
-1.030 -0.780 1.500 1.509 0.577 0.000 0.636 2.565 0.000
-0.979 -0.759 1.500 1.529 0.661 0.000 0.519 2.456 0.000
-0.928 -0.736 1.500 1.544 0.741 0.000 0.394 2.328 0.000
-0.877 -0.710 1.500 1.555 0.816 0.000 0.263 2.179 0.000
-0.825 -0.681 1.500 1.561 0.886 0.000 0.124 2.011 0.000
-0.773 -0.651 1.500 1.563 0.949 0.000 -0.022 1.826 0.000
-0.721 -0.618 1.500 1.560 1.007 0.000 -0.176 1.622 0.000
-0.669 -0.584 1.500 1.551 1.057 0.000 -0.338 1.401 0.000
-0.618 -0.548 1.500 1.537 1.100 0.000 -0.507 1.162 0.000
-0.567 -0.511 1.500 1.517 1.135 0.000 -0.684 0.908 0.000
-0.517 -0.472 1.500 1.491 1.160 0.000 -0.870 0.638 0.000
-0.467 -0.433 1.500 1.459 1.177 0.000 -1.064 0.351 0.000
-0.419 -0.394 1.500 1.421 1.184 0.000 -1.266 0.050 0.000
-0.373 -0.355 1.500 1.375 1.180 0.000 -1.477 -0.265 0.000
-0.328 -0.316 1.500 1.322 1.166 0.000 -1.696 -0.595 0.000
-0.285 -0.277 1.500 1.262 1.140 0.000 -1.925 -0.938 0.000
-0.244 -0.240 1.500 1.194 1.103 0.000 -2.162 -1.293 0.000
-0.205 -0.204 1.500 1.118 1.054 0.000 -2.409 -1.661 0.000
-0.170 -0.170 1.500 1.033 0.992 0.000 -2.669 -2.046 0.000
-0.137 -0.138 1.500 0.940 0.918 0.000 -2.933 -2.436 0.000
-0.107 -0.109 1.500 0.838 0.831 0.000 -3.160 -2.783 0.000
-0.081 -0.083 1.500 0.730 0.733 0.000 -3.348 -3.087 0.000
-0.059 -0.060 1.500 0.616 0.626 0.000 -3.490 -3.339 0.000
-0.040 -0.041 1.500 0.499 0.512 0.000 -3.520 -3.463 0.000
-0.025 -0.026 1.500 0.383 0.397 0.000 -3.418 -3.436 0.000
-0.014 -0.015 1.500 0.273 0.285 0.000 -3.181 -3.255 0.000
-0.006 -0.007 1.500 0.173 0.182 0.000 -2.793 -2.901 0.000
-0.002 -0.002 1.500 0.089 0.094 0.000 -2.189 -2.301 0.000
-0.000 -0.000 1.500 0.029 0.031 0.000 -1.357 -1.440 0.000
0.000 0.000 1.500 0.001 0.001 0.000 -0.294 -0.314 0.000
0.000 0.000 1.500 0.000 0.000 0.000 0.000 0.000 0.000
