0.000 0.000 0.250 0.000 0.000 0.000 0.000 0.000 0.000
0.000 0.000 0.250 0.000 0.000 0.000 0.000 0.000 0.020
0.000 0.000 0.250 0.000 0.000 0.001 0.000 0.000 0.038
0.000 0.000 0.250 0.000 0.000 0.003 0.000 0.000 0.056
0.000 0.000 0.250 0.000 0.000 0.005 0.000 0.000 0.074
0.000 0.000 0.250 0.000 0.000 0.008 0.000 0.000 0.090
0.000 0.000 0.251 0.000 0.000 0.011 0.000 0.000 0.106
0.000 0.000 0.251 0.000 0.000 0.015 0.000 0.000 0.121
0.000 0.000 0.252 0.000 0.000 0.019 0.000 0.000 0.135
0.000 0.000 0.252 0.000 0.000 0.024 0.000 0.000 0.149
0.000 0.000 0.253 0.000 0.000 0.029 0.000 0.000 0.162
0.000 0.000 0.254 0.000 0.000 0.035 0.000 0.000 0.174
0.000 0.000 0.256 0.000 0.000 0.041 0.000 0.000 0.185
0.000 0.000 0.257 0.000 0.000 0.047 0.000 0.000 0.196
0.000 0.000 0.259 0.000 0.000 0.054 0.000 0.000 0.206
0.000 0.000 0.261 0.000 0.000 0.061 0.000 0.000 0.216
0.000 0.000 0.263 0.000 0.000 0.068 0.000 0.000 0.225
0.000 0.000 0.265 0.000 0.000 0.076 0.000 0.000 0.233
0.000 0.000 0.268 0.000 0.000 0.083 0.000 0.000 0.241
0.000 0.000 0.271 0.000 0.000 0.092 0.000 0.000 0.248
0.000 0.000 0.274 0.000 0.000 0.100 0.000 0.000 0.254
0.000 0.000 0.277 0.000 0.000 0.109 0.000 0.000 0.260
0.000 0.000 0.281 0.000 0.000 0.117 0.000 0.000 0.265
0.000 0.000 0.285 0.000 0.000 0.126 0.000 0.000 0.270
0.000 0.000 0.290 0.000 0.000 0.135 0.000 0.000 0.274
0.000 0.000 0.294 0.000 0.000 0.144 0.000 0.000 0.278
0.000 0.000 0.299 0.000 0.000 0.154 0.000 0.000 0.281
0.000 0.000 0.304 0.000 0.000 0.163 0.000 0.000 0.283
0.000 0.000 0.310 0.000 0.000 0.173 0.000 0.000 0.285
0.000 0.000 0.316 0.000 0.000 0.182 0.000 0.000 0.287
0.000 0.000 0.322 0.000 0.000 0.192 0.000 0.000 0.288
0.000 0.000 0.329 0.000 0.000 0.201 0.000 0.000 0.289
0.000 0.000 0.336 0.000 0.000 0.211 0.000 0.000 0.289
0.000 0.000 0.343 0.000 0.000 0.221 0.000 0.000 0.288
0.000 0.000 0.350 0.000 0.000 0.230 0.000 0.000 0.288
0.000 0.000 0.358 0.000 0.000 0.240 0.000 0.000 0.286
0.000 0.000 0.366 0.000 0.000 0.249 0.000 0.000 0.285
0.000 0.000 0.375 0.000 0.000 0.259 0.000 0.000 0.283
0.000 0.000 0.383 0.000 0.000 0.268 0.000 0.000 0.280
0.000 0.000 0.393 0.000 0.000 0.277 0.000 0.000 0.277
0.000 0.000 0.402 0.000 0.000 0.286 0.000 0.000 0.274
0.000 0.000 0.412 0.000 0.000 0.296 0.000 0.000 0.270
0.000 0.000 0.422 0.000 0.000 0.304 0.000 0.000 0.266
0.000 0.000 0.432 0.000 0.000 0.313 0.000 0.000 0.262
0.000 0.000 0.442 0.000 0.000 0.322 0.000 0.000 0.257
0.000 0.000 0.453 0.000 0.000 0.330 0.000 0.000 0.252
0.000 0.000 0.464 0.000 0.000 0.339 0.000 0.000 0.247
0.000 0.000 0.476 0.000 0.000 0.347 0.000 0.000 0.241
0.000 0.000 0.488 0.000 0.000 0.355 0.000 0.000 0.235
0.000 0.000 0.500 0.000 0.000 0.362 0.000 0.000 0.229
0.000 0.000 0.512 0.000 0.000 0.370 0.000 0.000 0.223
0.000 0.000 0.524 0.000 0.000 0.377 0.000 0.000 0.216
0.000 0.000 0.537 0.000 0.000 0.384 0.000 0.000 0.209
0.000 0.000 0.550 0.000 0.000 0.391 0.000 0.000 0.201
0.000 0.000 0.563 0.000 0.000 0.398 0.000 0.000 0.194
0.000 0.000 0.576 0.000 0.000 0.404 0.000 0.000 0.186
0.000 0.000 0.590 0.000 0.000 0.410 0.000 0.000 0.178
0.000 0.000 0.604 0.000 0.000 0.416 0.000 0.000 0.170
0.000 0.000 0.618 0.000 0.000 0.422 0.000 0.000 0.162
0.000 0.000 0.632 0.000 0.000 0.427 0.000 0.000 0.153
0.000 0.000 0.646 0.000 0.000 0.432 0.000 0.000 0.145
0.000 0.000 0.660 0.000 0.000 0.436 0.000 0.000 0.136
0.000 0.000 0.675 0.000 0.000 0.441 0.000 0.000 0.127
0.000 0.000 0.690 0.000 0.000 0.445 0.000 0.000 0.118
0.000 0.000 0.705 0.000 0.000 0.449 0.000 0.000 0.108
0.000 0.000 0.720 0.000 0.000 0.452 0.000 0.000 0.099
0.000 0.000 0.735 0.000 0.000 0.455 0.000 0.000 0.089
0.000 0.000 0.750 0.000 0.000 0.458 0.000 0.000 0.080
0.000 0.000 0.765 0.000 0.000 0.460 0.000 0.000 0.070
0.000 0.000 0.781 0.000 0.000 0.463 0.000 0.000 0.060
0.000 0.000 0.796 0.000 0.000 0.464 0.000 0.000 0.050
0.000 0.000 0.812 0.000 0.000 0.466 0.000 0.000 0.041
0.000 0.000 0.827 0.000 0.000 0.467 0.000 0.000 0.031
0.000 0.000 0.843 0.000 0.000 0.468 0.000 0.000 0.021
0.000 0.000 0.858 0.000 0.000 0.469 0.000 0.000 0.011
0.000 0.000 0.874 0.000 0.000 0.469 0.000 0.000 0.001
0.000 0.000 0.889 0.000 0.000 0.469 0.000 0.000 -0.009
0.000 0.000 0.905 0.000 0.000 0.468 0.000 0.000 -0.019
0.000 0.000 0.921 0.000 0.000 0.467 0.000 0.000 -0.029
0.000 0.000 0.936 0.000 0.000 0.466 0.000 0.000 -0.039
0.000 0.000 0.952 0.000 0.000 0.465 0.000 0.000 -0.049
0.000 0.000 0.967 0.000 0.000 0.463 0.000 0.000 -0.059
0.000 0.000 0.982 0.000 0.000 0.461 0.000 0.000 -0.069
0.000 0.000 0.998 0.000 0.000 0.458 0.000 0.000 -0.078
0.000 0.000 1.013 0.000 0.000 0.456 0.000 0.000 -0.088
0.000 0.000 1.028 0.000 0.000 0.453 0.000 0.000 -0.097
0.000 0.000 1.043 0.000 0.000 0.449 0.000 0.000 -0.107
0.000 0.000 1.058 0.000 0.000 0.445 0.000 0.000 -0.116
0.000 0.000 1.073 0.000 0.000 0.441 0.000 0.000 -0.125
0.000 0.000 1.087 0.000 0.000 0.437 0.000 0.000 -0.134
0.000 0.000 1.102 0.000 0.000 0.432 0.000 0.000 -0.143
0.000 0.000 1.116 0.000 0.000 0.428 0.000 0.000 -0.152
0.000 0.000 1.130 0.000 0.000 0.422 0.000 0.000 -0.160
0.000 0.000 1.144 0.000 0.000 0.417 0.000 0.000 -0.169
0.000 0.000 1.158 0.000 0.000 0.411 0.000 0.000 -0.177
0.000 0.000 1.172 0.000 0.000 0.405 0.000 0.000 -0.185
0.000 0.000 1.185 0.000 0.000 0.399 0.000 0.000 -0.193
0.000 0.000 1.198 0.000 0.000 0.392 0.000 0.000 -0.200
0.000 0.000 1.211 0.000 0.000 0.385 0.000 0.000 -0.208
0.000 0.000 1.224 0.000 0.000 0.378 0.000 0.000 -0.215
0.000 0.000 1.236 0.000 0.000 0.371 0.000 0.000 -0.222
0.000 0.000 1.249 0.000 0.000 0.364 0.000 0.000 -0.228
0.000 0.000 1.261 0.000 0.000 0.356 0.000 0.000 -0.234
0.000 0.000 1.272 0.000 0.000 0.348 0.000 0.000 -0.240
0.000 0.000 1.284 0.000 0.000 0.340 0.000 0.000 -0.246
0.000 0.000 1.295 0.000 0.000 0.332 0.000 0.000 -0.251
0.000 0.000 1.306 0.000 0.000 0.323 0.000 0.000 -0.257
0.000 0.000 1.317 0.000 0.000 0.315 0.000 0.000 -0.261
0.000 0.000 1.327 0.000 0.000 0.306 0.000 0.000 -0.266
0.000 0.000 1.337 0.000 0.000 0.297 0.000 0.000 -0.270
0.000 0.000 1.347 0.000 0.000 0.288 0.000 0.000 -0.273
0.000 0.000 1.356 0.000 0.000 0.279 0.000 0.000 -0.277
0.000 0.000 1.365 0.000 0.000 0.269 0.000 0.000 -0.280
0.000 0.000 1.374 0.000 0.000 0.260 0.000 0.000 -0.282
0.000 0.000 1.382 0.000 0.000 0.251 0.000 0.000 -0.284
0.000 0.000 1.391 0.000 0.000 0.241 0.000 0.000 -0.286
0.000 0.000 1.399 0.000 0.000 0.232 0.000 0.000 -0.287
0.000 0.000 1.406 0.000 0.000 0.222 0.000 0.000 -0.288
0.000 0.000 1.413 0.000 0.000 0.212 0.000 0.000 -0.289
0.000 0.000 1.420 0.000 0.000 0.203 0.000 0.000 -0.289
0.000 0.000 1.427 0.000 0.000 0.193 0.000 0.000 -0.288
0.000 0.000 1.433 0.000 0.000 0.184 0.000 0.000 -0.287
0.000 0.000 1.439 0.000 0.000 0.174 0.000 0.000 -0.286
0.000 0.000 1.445 0.000 0.000 0.165 0.000 0.000 -0.284
0.000 0.000 1.450 0.000 0.000 0.155 0.000 0.000 -0.281
0.000 0.000 1.455 0.000 0.000 0.146 0.000 0.000 -0.278
0.000 0.000 1.460 0.000 0.000 0.137 0.000 0.000 -0.275
0.000 0.000 1.464 0.000 0.000 0.128 0.000 0.000 -0.271
0.000 0.000 1.468 0.000 0.000 0.119 0.000 0.000 -0.266
0.000 0.000 1.472 0.000 0.000 0.110 0.000 0.000 -0.261
0.000 0.000 1.476 0.000 0.000 0.101 0.000 0.000 -0.255
0.000 0.000 1.479 0.000 0.000 0.093 0.000 0.000 -0.249
0.000 0.000 1.482 0.000 0.000 0.085 0.000 0.000 -0.242
0.000 0.000 1.484 0.000 0.000 0.077 0.000 0.000 -0.234
0.000 0.000 1.487 0.000 0.000 0.069 0.000 0.000 -0.226
0.000 0.000 1.489 0.000 0.000 0.062 0.000 0.000 -0.217
0.000 0.000 1.491 0.000 0.000 0.055 0.000 0.000 -0.208
0.000 0.000 1.493 0.000 0.000 0.048 0.000 0.000 -0.198
0.000 0.000 1.494 0.000 0.000 0.041 0.000 0.000 -0.187
0.000 0.000 1.495 0.000 0.000 0.035 0.000 0.000 -0.176
0.000 0.000 1.497 0.000 0.000 0.030 0.000 0.000 -0.164
0.000 0.000 1.497 0.000 0.000 0.025 0.000 0.000 -0.151
0.000 0.000 1.498 0.000 0.000 0.020 0.000 0.000 -0.137
0.000 0.000 1.499 0.000 0.000 0.015 0.000 0.000 -0.123
0.000 0.000 1.499 0.000 0.000 0.012 0.000 0.000 -0.108
0.000 0.000 1.500 0.000 0.000 0.008 0.000 0.000 -0.093
0.000 0.000 1.500 0.000 0.000 0.005 0.000 0.000 -0.076
0.000 0.000 1.500 0.000 0.000 0.003 0.000 0.000 -0.059
0.000 0.000 1.500 0.000 0.000 0.001 0.000 0.000 -0.041
0.000 0.000 1.500 0.000 0.000 0.000 0.000 0.000 -0.022
0.000 0.000 1.500 0.000 0.000 0.000 0.000 0.000 -0.003
0.000 0.000 1.500 0.000 0.000 0.000 0.000 0.000 0.000
0.000 0.000 1.500 0.009 0.000 0.007 0.526 0.000 0.432
0.001 0.000 1.501 0.034 0.000 0.028 0.959 0.000 0.795
0.003 0.000 1.502 0.072 0.000 0.060 1.307 0.000 1.092
0.006 0.000 1.505 0.120 0.000 0.100 1.577 0.000 1.327
0.011 0.000 1.509 0.176 0.000 0.147 1.775 0.000 1.505
0.017 0.000 1.515 0.238 0.000 0.200 1.908 0.000 1.630
0.026 0.000 1.522 0.303 0.000 0.255 1.984 0.000 1.707
0.038 0.000 1.532 0.369 0.000 0.313 2.009 0.000 1.739
0.051 0.000 1.543 0.436 0.000 0.371 1.990 0.000 1.730
0.067 0.000 1.556 0.501 0.000 0.428 1.934 0.000 1.686
0.084 0.000 1.571 0.564 0.000 0.483 1.848 0.000 1.609
0.104 0.000 1.588 0.624 0.000 0.535 1.738 0.000 1.505
0.126 0.000 1.607 0.680 0.000 0.583 1.613 0.000 1.378
0.149 0.000 1.627 0.731 0.000 0.626 1.478 0.000 1.231
0.175 0.000 1.649 0.778 0.000 0.664 1.341 0.000 1.069
0.201 0.000 1.671 0.821 0.000 0.697 1.207 0.000 0.896
0.229 0.000 1.695 0.859 0.000 0.724 1.078 0.000 0.715
0.258 0.000 1.720 0.893 0.000 0.745 0.953 0.000 0.526
0.289 0.000 1.745 0.922 0.000 0.759 0.832 0.000 0.333
0.320 0.000 1.770 0.948 0.000 0.767 0.716 0.000 0.136
0.352 0.000 1.796 0.970 0.000 0.768 0.604 0.000 -0.061
0.384 0.000 1.821 0.988 0.000 0.763 0.497 0.000 -0.257
0.418 0.000 1.846 1.003 0.000 0.751 0.393 0.000 -0.451
0.451 0.000 1.871 1.015 0.000 0.733 0.294 0.000 -0.640
0.485 0.000 1.895 1.023 0.000 0.708 0.198 0.000 -0.822
0.519 0.000 1.918 1.028 0.000 0.678 0.107 0.000 -0.995
0.553 0.000 1.940 1.030 0.000 0.642 0.019 0.000 -1.158
0.588 0.000 1.961 1.029 0.000 0.601 -0.065 0.000 -1.308
0.622 0.000 1.980 1.026 0.000 0.555 -0.145 0.000 -1.444
0.656 0.000 1.998 1.020 0.000 0.505 -0.221 0.000 -1.564
0.690 0.000 2.014 1.011 0.000 0.451 -0.294 0.000 -1.666
0.723 0.000 2.028 1.000 0.000 0.394 -0.364 0.000 -1.750
0.756 0.000 2.040 0.987 0.000 0.335 -0.429 0.000 -1.818
0.789 0.000 2.050 0.971 0.000 0.274 -0.492 0.000 -1.869
0.821 0.000 2.058 0.954 0.000 0.211 -0.551 0.000 -1.906
0.853 0.000 2.064 0.935 0.000 0.147 -0.607 0.000 -1.929
0.883 0.000 2.068 0.914 0.000 0.082 -0.659 0.000 -1.938
0.913 0.000 2.070 0.891 0.000 0.018 -0.709 0.000 -1.936
0.943 0.000 2.069 0.867 0.000 -0.046 -0.755 0.000 -1.921
0.971 0.000 2.067 0.841 0.000 -0.110 -0.799 0.000 -1.896
0.999 0.000 2.062 0.813 0.000 -0.173 -0.839 0.000 -1.861
1.025 0.000 2.055 0.785 0.000 -0.234 -0.876 0.000 -1.816
1.051 0.000 2.046 0.755 0.000 -0.293 -0.911 0.000 -1.764
1.076 0.000 2.036 0.724 0.000 -0.351 -0.943 0.000 -1.704
1.099 0.000 2.023 0.692 0.000 -0.407 -0.972 0.000 -1.638
1.122 0.000 2.008 0.659 0.000 -0.460 -0.999 0.000 -1.566
1.143 0.000 1.992 0.626 0.000 -0.511 -1.023 0.000 -1.489
1.163 0.000 1.974 0.591 0.000 -0.559 -1.045 0.000 -1.408
1.182 0.000 1.955 0.556 0.000 -0.605 -1.064 0.000 -1.324
1.200 0.000 1.934 0.520 0.000 -0.648 -1.081 0.000 -1.238
1.217 0.000 1.912 0.484 0.000 -0.687 -1.096 0.000 -1.150
1.233 0.000 1.888 0.447 0.000 -0.724 -1.108 0.000 -1.061
1.247 0.000 1.864 0.410 0.000 -0.758 -1.118 0.000 -0.971
1.260 0.000 1.838 0.373 0.000 -0.789 -1.126 0.000 -0.880
1.272 0.000 1.811 0.335 0.000 -0.817 -1.132 0.000 -0.788
1.282 0.000 1.784 0.298 0.000 -0.841 -1.137 0.000 -0.696
1.292 0.000 1.755 0.260 0.000 -0.863 -1.139 0.000 -0.604
1.300 0.000 1.726 0.222 0.000 -0.882 -1.139 0.000 -0.511
1.306 0.000 1.697 0.184 0.000 -0.897 -1.138 0.000 -0.419
1.312 0.000 1.666 0.146 0.000 -0.909 -1.135 0.000 -0.327
1.316 0.000 1.636 0.108 0.000 -0.919 -1.130 0.000 -0.235
1.319 0.000 1.605 0.071 0.000 -0.925 -1.124 0.000 -0.144
1.321 0.000 1.574 0.033 0.000 -0.928 -1.116 0.000 -0.053
1.321 0.000 1.544 -0.004 0.000 -0.929 -1.107 0.000 0.036
1.320 0.000 1.513 -0.040 0.000 -0.926 -1.097 0.000 0.124
1.319 0.000 1.482 -0.077 0.000 -0.920 -1.085 0.000 0.212
1.315 0.000 1.451 -0.113 0.000 -0.912 -1.072 0.000 0.297
1.311 0.000 1.421 -0.148 0.000 -0.901 -1.058 0.000 0.381
1.306 0.000 1.391 -0.183 0.000 -0.887 -1.043 0.000 0.463
1.299 0.000 1.362 -0.217 0.000 -0.870 -1.026 0.000 0.544
1.291 0.000 1.334 -0.251 0.000 -0.850 -1.009 0.000 0.622
1.282 0.000 1.306 -0.285 0.000 -0.828 -0.991 0.000 0.698
1.272 0.000 1.278 -0.317 0.000 -0.804 -0.972 0.000 0.771
1.261 0.000 1.252 -0.349 0.000 -0.777 -0.952 0.000 0.842
1.249 0.000 1.227 -0.381 0.000 -0.748 -0.932 0.000 0.910
1.236 0.000 1.202 -0.411 0.000 -0.716 -0.911 0.000 0.976
1.221 0.000 1.179 -0.441 0.000 -0.683 -0.889 0.000 1.038
1.206 0.000 1.157 -0.471 0.000 -0.647 -0.867 0.000 1.097
1.190 0.000 1.136 -0.499 0.000 -0.610 -0.844 0.000 1.152
1.173 0.000 1.116 -0.527 0.000 -0.571 -0.821 0.000 1.204
1.155 0.000 1.098 -0.554 0.000 -0.530 -0.798 0.000 1.252
1.136 0.000 1.081 -0.580 0.000 -0.487 -0.775 0.000 1.296
1.116 0.000 1.065 -0.605 0.000 -0.444 -0.751 0.000 1.336
1.096 0.000 1.051 -0.630 0.000 -0.398 -0.727 0.000 1.372
1.074 0.000 1.039 -0.654 0.000 -0.352 -0.703 0.000 1.403
1.052 0.000 1.028 -0.677 0.000 -0.305 -0.680 0.000 1.430
1.029 0.000 1.019 -0.699 0.000 -0.257 -0.656 0.000 1.452
1.006 0.000 1.011 -0.721 0.000 -0.208 -0.632 0.000 1.469
0.981 0.000 1.005 -0.741 0.000 -0.159 -0.609 0.000 1.482
0.956 0.000 1.000 -0.761 0.000 -0.110 -0.586 0.000 1.489
0.931 0.000 0.997 -0.780 0.000 -0.060 -0.563 0.000 1.490
0.904 0.000 0.996 -0.799 0.000 -0.011 -0.541 0.000 1.487
0.878 0.000 0.997 -0.816 0.000 0.039 -0.519 0.000 1.478
0.850 0.000 0.999 -0.833 0.000 0.088 -0.497 0.000 1.465
0.822 0.000 1.003 -0.849 0.000 0.136 -0.476 0.000 1.447
0.794 0.000 1.008 -0.865 0.000 0.184 -0.455 0.000 1.424
0.764 0.000 1.015 -0.880 0.000 0.231 -0.434 0.000 1.398
0.735 0.000 1.023 -0.894 0.000 0.277 -0.413 0.000 1.367
0.705 0.000 1.033 -0.907 0.000 0.322 -0.393 0.000 1.333
0.675 0.000 1.045 -0.920 0.000 0.366 -0.373 0.000 1.294
0.644 0.000 1.058 -0.932 0.000 0.408 -0.353 0.000 1.252
0.612 0.000 1.072 -0.944 0.000 0.449 -0.333 0.000 1.207
0.581 0.000 1.088 -0.954 0.000 0.489 -0.314 0.000 1.158
0.549 0.000 1.104 -0.964 0.000 0.526 -0.295 0.000 1.107
0.517 0.000 1.123 -0.974 0.000 0.562 -0.276 0.000 1.052
0.484 0.000 1.142 -0.983 0.000 0.596 -0.257 0.000 0.995
0.451 0.000 1.162 -0.991 0.000 0.629 -0.238 0.000 0.935
0.418 0.000 1.184 -0.999 0.000 0.659 -0.220 0.000 0.873
0.385 0.000 1.206 -1.006 0.000 0.687 -0.201 0.000 0.809
0.351 0.000 1.229 -1.012 0.000 0.713 -0.183 0.000 0.743
0.317 0.000 1.254 -1.018 0.000 0.736 -0.165 0.000 0.675
0.283 0.000 1.278 -1.023 0.000 0.758 -0.147 0.000 0.606
0.249 0.000 1.304 -1.028 0.000 0.777 -0.129 0.000 0.535
0.215 0.000 1.330 -1.032 0.000 0.793 -0.111 0.000 0.463
0.180 0.000 1.357 -1.035 0.000 0.807 -0.093 0.000 0.389
0.146 0.000 1.384 -1.038 0.000 0.819 -0.075 0.000 0.315
0.111 0.000 1.411 -1.040 0.000 0.828 -0.058 0.000 0.240
0.077 0.000 1.439 -1.042 0.000 0.835 -0.040 0.000 0.164
0.042 0.000 1.467 -1.043 0.000 0.839 -0.022 0.000 0.089
0.007 0.000 1.495 -1.043 0.000 0.841 -0.004 0.000 0.012
-0.027 0.000 1.523 -1.043 0.000 0.840 0.013 0.000 -0.064
-0.062 0.000 1.551 -1.042 0.000 0.837 0.031 0.000 -0.140
-0.097 0.000 1.579 -1.041 0.000 0.831 0.049 0.000 -0.215
-0.132 0.000 1.606 -1.039 0.000 0.822 0.066 0.000 -0.290
-0.166 0.000 1.633 -1.036 0.000 0.811 0.084 0.000 -0.365
-0.201 0.000 1.660 -1.033 0.000 0.798 0.102 0.000 -0.439
-0.235 0.000 1.686 -1.030 0.000 0.782 0.120 0.000 -0.511
-0.269 0.000 1.712 -1.025 0.000 0.764 0.138 0.000 -0.582
-0.303 0.000 1.737 -1.021 0.000 0.743 0.156 0.000 -0.652
-0.337 0.000 1.762 -1.015 0.000 0.721 0.174 0.000 -0.721
-0.371 0.000 1.785 -1.009 0.000 0.695 0.193 0.000 -0.788
-0.404 0.000 1.808 -1.002 0.000 0.668 0.211 0.000 -0.852
-0.437 0.000 1.830 -0.995 0.000 0.639 0.230 0.000 -0.915
-0.470 0.000 1.851 -0.987 0.000 0.607 0.248 0.000 -0.975
-0.503 0.000 1.870 -0.978 0.000 0.574 0.267 0.000 -1.033
-0.536 0.000 1.889 -0.969 0.000 0.538 0.286 0.000 -1.089
-0.568 0.000 1.906 -0.959 0.000 0.501 0.306 0.000 -1.141
-0.600 0.000 1.922 -0.949 0.000 0.462 0.325 0.000 -1.191
-0.631 0.000 1.937 -0.938 0.000 0.422 0.345 0.000 -1.237
-0.662 0.000 1.950 -0.926 0.000 0.380 0.365 0.000 -1.280
-0.693 0.000 1.962 -0.913 0.000 0.337 0.385 0.000 -1.320
-0.723 0.000 1.973 -0.900 0.000 0.292 0.406 0.000 -1.356
-0.753 0.000 1.982 -0.886 0.000 0.247 0.426 0.000 -1.388
-0.782 0.000 1.989 -0.872 0.000 0.200 0.447 0.000 -1.416
-0.811 0.000 1.995 -0.856 0.000 0.152 0.468 0.000 -1.439
-0.839 0.000 1.999 -0.840 0.000 0.104 0.490 0.000 -1.459
-0.867 0.000 2.002 -0.824 0.000 0.055 0.512 0.000 -1.474
-0.894 0.000 2.003 -0.806 0.000 0.006 0.534 0.000 -1.484
-0.920 0.000 2.002 -0.788 0.000 -0.044 0.556 0.000 -1.489
-0.946 0.000 2.000 -0.769 0.000 -0.093 0.579 0.000 -1.489
-0.971 0.000 1.996 -0.750 0.000 -0.143 0.602 0.000 -1.483
-0.996 0.000 1.990 -0.729 0.000 -0.192 0.626 0.000 -1.473
-1.020 0.000 1.983 -0.708 0.000 -0.241 0.650 0.000 -1.458
-1.043 0.000 1.974 -0.686 0.000 -0.289 0.673 0.000 -1.438
-1.066 0.000 1.964 -0.663 0.000 -0.336 0.697 0.000 -1.413
-1.087 0.000 1.952 -0.639 0.000 -0.383 0.722 0.000 -1.383
-1.108 0.000 1.938 -0.615 0.000 -0.428 0.745 0.000 -1.349
-1.128 0.000 1.923 -0.590 0.000 -0.473 0.769 0.000 -1.311
-1.148 0.000 1.907 -0.564 0.000 -0.516 0.793 0.000 -1.269
-1.166 0.000 1.889 -0.537 0.000 -0.557 0.817 0.000 -1.222
-1.183 0.000 1.870 -0.509 0.000 -0.597 0.840 0.000 -1.172
-1.200 0.000 1.849 -0.481 0.000 -0.635 0.863 0.000 -1.118
-1.215 0.000 1.828 -0.452 0.000 -0.671 0.885 0.000 -1.061
-1.230 0.000 1.805 -0.422 0.000 -0.706 0.907 0.000 -1.001
-1.243 0.000 1.781 -0.392 0.000 -0.738 0.928 0.000 -0.937
-1.256 0.000 1.756 -0.360 0.000 -0.768 0.949 0.000 -0.870
-1.267 0.000 1.730 -0.328 0.000 -0.796 0.969 0.000 -0.801
-1.278 0.000 1.703 -0.296 0.000 -0.821 0.988 0.000 -0.729
-1.287 0.000 1.675 -0.263 0.000 -0.844 1.007 0.000 -0.654
-1.295 0.000 1.646 -0.229 0.000 -0.865 1.024 0.000 -0.577
-1.302 0.000 1.617 -0.194 0.000 -0.883 1.041 0.000 -0.497
-1.308 0.000 1.588 -0.159 0.000 -0.898 1.057 0.000 -0.416
-1.313 0.000 1.557 -0.124 0.000 -0.911 1.071 0.000 -0.332
-1.316 0.000 1.527 -0.088 0.000 -0.920 1.084 0.000 -0.247
-1.319 0.000 1.496 -0.052 0.000 -0.927 1.096 0.000 -0.160
-1.320 0.000 1.465 -0.015 0.000 -0.931 1.107 0.000 -0.072
-1.320 0.000 1.434 0.022 0.000 -0.932 1.117 0.000 0.018
-1.318 0.000 1.403 0.059 0.000 -0.930 1.125 0.000 0.108
-1.316 0.000 1.372 0.097 0.000 -0.924 1.132 0.000 0.200
-1.312 0.000 1.342 0.135 0.000 -0.916 1.137 0.000 0.293
-1.307 0.000 1.311 0.172 0.000 -0.905 1.140 0.000 0.386
-1.301 0.000 1.282 0.210 0.000 -0.891 1.142 0.000 0.480
-1.293 0.000 1.252 0.248 0.000 -0.873 1.142 0.000 0.574
-1.284 0.000 1.223 0.286 0.000 -0.852 1.140 0.000 0.668
-1.274 0.000 1.195 0.324 0.000 -0.829 1.136 0.000 0.762
-1.262 0.000 1.168 0.362 0.000 -0.801 1.131 0.000 0.857
-1.250 0.000 1.142 0.400 0.000 -0.771 1.123 0.000 0.950
-1.236 0.000 1.117 0.437 0.000 -0.738 1.113 0.000 1.043
-1.221 0.000 1.093 0.474 0.000 -0.702 1.101 0.000 1.135
-1.204 0.000 1.070 0.510 0.000 -0.663 1.087 0.000 1.226
-1.187 0.000 1.048 0.546 0.000 -0.621 1.071 0.000 1.315
-1.168 0.000 1.029 0.582 0.000 -0.575 1.052 0.000 1.402
-1.148 0.000 1.010 0.616 0.000 -0.527 1.031 0.000 1.485
-1.127 0.000 0.993 0.650 0.000 -0.476 1.008 0.000 1.564
-1.105 0.000 0.978 0.683 0.000 -0.423 0.982 0.000 1.639
-1.081 0.000 0.966 0.716 0.000 -0.367 0.953 0.000 1.709
-1.057 0.000 0.954 0.747 0.000 -0.309 0.922 0.000 1.771
-1.032 0.000 0.945 0.777 0.000 -0.249 0.888 0.000 1.826
-1.005 0.000 0.938 0.806 0.000 -0.188 0.851 0.000 1.873
-0.978 0.000 0.932 0.834 0.000 -0.125 0.811 0.000 1.911
-0.950 0.000 0.929 0.860 0.000 -0.061 0.768 0.000 1.941
-0.921 0.000 0.928 0.885 0.000 0.004 0.723 0.000 1.958
-0.891 0.000 0.930 0.908 0.000 0.070 0.674 0.000 1.964
-0.860 0.000 0.933 0.930 0.000 0.135 0.622 0.000 1.957
-0.829 0.000 0.939 0.949 0.000 0.200 0.567 0.000 1.938
-0.797 0.000 0.946 0.967 0.000 0.264 0.508 0.000 1.906
-0.765 0.000 0.956 0.983 0.000 0.327 0.447 0.000 1.857
-0.732 0.000 0.968 0.997 0.000 0.387 0.382 0.000 1.793
-0.698 0.000 0.982 1.009 0.000 0.446 0.313 0.000 1.713
-0.664 0.000 0.998 1.018 0.000 0.501 0.241 0.000 1.615
-0.630 0.000 1.017 1.025 0.000 0.554 0.165 0.000 1.498
-0.596 0.000 1.036 1.029 0.000 0.601 0.086 0.000 1.366
-0.562 0.000 1.057 1.030 0.000 0.644 0.003 0.000 1.220
-0.528 0.000 1.079 1.029 0.000 0.682 -0.084 0.000 1.060
-0.493 0.000 1.102 1.025 0.000 0.715 -0.175 0.000 0.885
-0.459 0.000 1.126 1.017 0.000 0.741 -0.269 0.000 0.699
-0.426 0.000 1.151 1.007 0.000 0.762 -0.368 0.000 0.507
-0.392 0.000 1.177 0.993 0.000 0.775 -0.471 0.000 0.310
-0.360 0.000 1.203 0.975 0.000 0.782 -0.577 0.000 0.108
-0.328 0.000 1.229 0.954 0.000 0.782 -0.688 0.000 -0.100
-0.296 0.000 1.255 0.929 0.000 0.777 -0.804 0.000 -0.312
-0.266 0.000 1.281 0.901 0.000 0.763 -0.923 0.000 -0.518
-0.236 0.000 1.306 0.868 0.000 0.742 -1.047 0.000 -0.717
-0.208 0.000 1.330 0.831 0.000 0.715 -1.176 0.000 -0.909
-0.181 0.000 1.353 0.789 0.000 0.682 -1.308 0.000 -1.092
-0.155 0.000 1.368 0.744 0.000 0.641 -1.452 0.000 -1.263
-0.131 0.000 1.389 0.693 0.000 0.596 -1.586 0.000 -1.411
-0.109 0.000 1.408 0.638 0.000 0.547 -1.708 0.000 -1.534
-0.089 0.000 1.425 0.579 0.000 0.494 -1.818 0.000 -1.634
-0.071 0.000 1.441 0.517 0.000 0.438 -1.914 0.000 -1.708
-0.055 0.000 1.457 0.452 0.000 0.381 -1.986 0.000 -1.752
-0.041 0.000 1.469 0.385 0.000 0.322 -2.013 0.000 -1.756
-0.029 0.000 1.478 0.318 0.000 0.264 -1.994 0.000 -1.719
-0.020 0.000 1.486 0.253 0.000 0.208 -1.927 0.000 -1.641
-0.012 0.000 1.492 0.191 0.000 0.156 -1.811 0.000 -1.521
-0.007 0.000 1.491 0.133 0.000 0.107 -1.637 0.000 -1.352
-0.003 0.000 1.494 0.082 0.000 0.066 -1.384 0.000 -1.127
-0.001 0.000 1.496 0.042 0.000 0.033 -1.050 0.000 -0.845
-0.000 0.000 1.496 0.014 0.000 0.010 -0.633 0.000 -0.505
-0.000 0.000 1.496 0.001 0.000 -0.000 -0.133 0.000 -0.105
0.000 0.000 1.500 0.000 0.000 0.000 0.000 0.000 0.000
