0.000 0.000 0.250 0.000 0.000 0.000 0.000 0.000 0.000
0.000 0.000 0.250 0.000 0.000 0.000 0.000 0.000 0.020
0.000 0.000 0.250 0.000 0.000 0.001 0.000 0.000 0.038
0.000 0.000 0.250 0.000 0.000 0.003 0.000 0.000 0.056
0.000 0.000 0.250 0.000 0.000 0.005 0.000 0.000 0.074
0.000 0.000 0.250 0.000 0.000 0.008 0.000 0.000 0.090
0.000 0.000 0.251 0.000 0.000 0.011 0.000 0.000 0.106
0.000 0.000 0.251 0.000 0.000 0.015 0.000 0.000 0.121
0.000 0.000 0.252 0.000 0.000 0.019 0.000 0.000 0.135
0.000 0.000 0.252 0.000 0.000 0.024 0.000 0.000 0.149
0.000 0.000 0.253 0.000 0.000 0.029 0.000 0.000 0.162
0.000 0.000 0.254 0.000 0.000 0.035 0.000 0.000 0.174
0.000 0.000 0.256 0.000 0.000 0.041 0.000 0.000 0.185
0.000 0.000 0.257 0.000 0.000 0.047 0.000 0.000 0.196
0.000 0.000 0.259 0.000 0.000 0.054 0.000 0.000 0.206
0.000 0.000 0.261 0.000 0.000 0.061 0.000 0.000 0.216
0.000 0.000 0.263 0.000 0.000 0.068 0.000 0.000 0.225
0.000 0.000 0.265 0.000 0.000 0.076 0.000 0.000 0.233
0.000 0.000 0.268 0.000 0.000 0.083 0.000 0.000 0.241
0.000 0.000 0.271 0.000 0.000 0.092 0.000 0.000 0.248
0.000 0.000 0.274 0.000 0.000 0.100 0.000 0.000 0.254
0.000 0.000 0.277 0.000 0.000 0.109 0.000 0.000 0.260
0.000 0.000 0.281 0.000 0.000 0.117 0.000 0.000 0.265
0.000 0.000 0.285 0.000 0.000 0.126 0.000 0.000 0.270
0.000 0.000 0.290 0.000 0.000 0.135 0.000 0.000 0.274
0.000 0.000 0.294 0.000 0.000 0.144 0.000 0.000 0.278
0.000 0.000 0.299 0.000 0.000 0.154 0.000 0.000 0.281
0.000 0.000 0.304 0.000 0.000 0.163 0.000 0.000 0.283
0.000 0.000 0.310 0.000 0.000 0.173 0.000 0.000 0.285
0.000 0.000 0.316 0.000 0.000 0.182 0.000 0.000 0.287
0.000 0.000 0.322 0.000 0.000 0.192 0.000 0.000 0.288
0.000 0.000 0.329 0.000 0.000 0.201 0.000 0.000 0.289
0.000 0.000 0.336 0.000 0.000 0.211 0.000 0.000 0.289
0.000 0.000 0.343 0.000 0.000 0.221 0.000 0.000 0.288
0.000 0.000 0.350 0.000 0.000 0.230 0.000 0.000 0.288
0.000 0.000 0.358 0.000 0.000 0.240 0.000 0.000 0.286
0.000 0.000 0.366 0.000 0.000 0.249 0.000 0.000 0.285
0.000 0.000 0.375 0.000 0.000 0.259 0.000 0.000 0.283
0.000 0.000 0.383 0.000 0.000 0.268 0.000 0.000 0.280
0.000 0.000 0.393 0.000 0.000 0.277 0.000 0.000 0.277
0.000 0.000 0.402 0.000 0.000 0.286 0.000 0.000 0.274
0.000 0.000 0.412 0.000 0.000 0.296 0.000 0.000 0.270
0.000 0.000 0.422 0.000 0.000 0.304 0.000 0.000 0.266
0.000 0.000 0.432 0.000 0.000 0.313 0.000 0.000 0.262
0.000 0.000 0.442 0.000 0.000 0.322 0.000 0.000 0.257
0.000 0.000 0.453 0.000 0.000 0.330 0.000 0.000 0.252
0.000 0.000 0.464 0.000 0.000 0.339 0.000 0.000 0.247
0.000 0.000 0.476 0.000 0.000 0.347 0.000 0.000 0.241
0.000 0.000 0.488 0.000 0.000 0.355 0.000 0.000 0.235
0.000 0.000 0.500 0.000 0.000 0.362 0.000 0.000 0.229
0.000 0.000 0.512 0.000 0.000 0.370 0.000 0.000 0.223
0.000 0.000 0.524 0.000 0.000 0.377 0.000 0.000 0.216
0.000 0.000 0.537 0.000 0.000 0.384 0.000 0.000 0.209
0.000 0.000 0.550 0.000 0.000 0.391 0.000 0.000 0.201
0.000 0.000 0.563 0.000 0.000 0.398 0.000 0.000 0.194
0.000 0.000 0.576 0.000 0.000 0.404 0.000 0.000 0.186
0.000 0.000 0.590 0.000 0.000 0.410 0.000 0.000 0.178
0.000 0.000 0.604 0.000 0.000 0.416 0.000 0.000 0.170
0.000 0.000 0.618 0.000 0.000 0.422 0.000 0.000 0.162
0.000 0.000 0.632 0.000 0.000 0.427 0.000 0.000 0.153
0.000 0.000 0.646 0.000 0.000 0.432 0.000 0.000 0.145
0.000 0.000 0.660 0.000 0.000 0.436 0.000 0.000 0.136
0.000 0.000 0.675 0.000 0.000 0.441 0.000 0.000 0.127
0.000 0.000 0.690 0.000 0.000 0.445 0.000 0.000 0.118
0.000 0.000 0.705 0.000 0.000 0.449 0.000 0.000 0.108
0.000 0.000 0.720 0.000 0.000 0.452 0.000 0.000 0.099
0.000 0.000 0.735 0.000 0.000 0.455 0.000 0.000 0.089
0.000 0.000 0.750 0.000 0.000 0.458 0.000 0.000 0.080
0.000 0.000 0.765 0.000 0.000 0.460 0.000 0.000 0.070
0.000 0.000 0.781 0.000 0.000 0.463 0.000 0.000 0.060
0.000 0.000 0.796 0.000 0.000 0.464 0.000 0.000 0.050
0.000 0.000 0.812 0.000 0.000 0.466 0.000 0.000 0.041
0.000 0.000 0.827 0.000 0.000 0.467 0.000 0.000 0.031
0.000 0.000 0.843 0.000 0.000 0.468 0.000 0.000 0.021
0.000 0.000 0.858 0.000 0.000 0.469 0.000 0.000 0.011
0.000 0.000 0.874 0.000 0.000 0.469 0.000 0.000 0.001
0.000 0.000 0.889 0.000 0.000 0.469 0.000 0.000 -0.009
0.000 0.000 0.905 0.000 0.000 0.468 0.000 0.000 -0.019
0.000 0.000 0.921 0.000 0.000 0.467 0.000 0.000 -0.029
0.000 0.000 0.936 0.000 0.000 0.466 0.000 0.000 -0.039
0.000 0.000 0.952 0.000 0.000 0.465 0.000 0.000 -0.049
0.000 0.000 0.967 0.000 0.000 0.463 0.000 0.000 -0.059
0.000 0.000 0.982 0.000 0.000 0.461 0.000 0.000 -0.069
0.000 0.000 0.998 0.000 0.000 0.458 0.000 0.000 -0.078
0.000 0.000 1.013 0.000 0.000 0.456 0.000 0.000 -0.088
0.000 0.000 1.028 0.000 0.000 0.453 0.000 0.000 -0.097
0.000 0.000 1.043 0.000 0.000 0.449 0.000 0.000 -0.107
0.000 0.000 1.058 0.000 0.000 0.445 0.000 0.000 -0.116
0.000 0.000 1.073 0.000 0.000 0.441 0.000 0.000 -0.125
0.000 0.000 1.087 0.000 0.000 0.437 0.000 0.000 -0.134
0.000 0.000 1.102 0.000 0.000 0.432 0.000 0.000 -0.143
0.000 0.000 1.116 0.000 0.000 0.428 0.000 0.000 -0.152
0.000 0.000 1.130 0.000 0.000 0.422 0.000 0.000 -0.160
0.000 0.000 1.144 0.000 0.000 0.417 0.000 0.000 -0.169
0.000 0.000 1.158 0.000 0.000 0.411 0.000 0.000 -0.177
0.000 0.000 1.172 0.000 0.000 0.405 0.000 0.000 -0.185
0.000 0.000 1.185 0.000 0.000 0.399 0.000 0.000 -0.193
0.000 0.000 1.198 0.000 0.000 0.392 0.000 0.000 -0.200
0.000 0.000 1.211 0.000 0.000 0.385 0.000 0.000 -0.208
0.000 0.000 1.224 0.000 0.000 0.378 0.000 0.000 -0.215
0.000 0.000 1.236 0.000 0.000 0.371 0.000 0.000 -0.222
0.000 0.000 1.249 0.000 0.000 0.364 0.000 0.000 -0.228
0.000 0.000 1.261 0.000 0.000 0.356 0.000 0.000 -0.234
0.000 0.000 1.272 0.000 0.000 0.348 0.000 0.000 -0.240
0.000 0.000 1.284 0.000 0.000 0.340 0.000 0.000 -0.246
0.000 0.000 1.295 0.000 0.000 0.332 0.000 0.000 -0.251
0.000 0.000 1.306 0.000 0.000 0.323 0.000 0.000 -0.257
0.000 0.000 1.317 0.000 0.000 0.315 0.000 0.000 -0.261
0.000 0.000 1.327 0.000 0.000 0.306 0.000 0.000 -0.266
0.000 0.000 1.337 0.000 0.000 0.297 0.000 0.000 -0.270
0.000 0.000 1.347 0.000 0.000 0.288 0.000 0.000 -0.273
0.000 0.000 1.356 0.000 0.000 0.279 0.000 0.000 -0.277
0.000 0.000 1.365 0.000 0.000 0.269 0.000 0.000 -0.280
0.000 0.000 1.374 0.000 0.000 0.260 0.000 0.000 -0.282
0.000 0.000 1.382 0.000 0.000 0.251 0.000 0.000 -0.284
0.000 0.000 1.391 0.000 0.000 0.241 0.000 0.000 -0.286
0.000 0.000 1.399 0.000 0.000 0.232 0.000 0.000 -0.287
0.000 0.000 1.406 0.000 0.000 0.222 0.000 0.000 -0.288
0.000 0.000 1.413 0.000 0.000 0.212 0.000 0.000 -0.289
0.000 0.000 1.420 0.000 0.000 0.203 0.000 0.000 -0.289
0.000 0.000 1.427 0.000 0.000 0.193 0.000 0.000 -0.288
0.000 0.000 1.433 0.000 0.000 0.184 0.000 0.000 -0.287
0.000 0.000 1.439 0.000 0.000 0.174 0.000 0.000 -0.286
0.000 0.000 1.445 0.000 0.000 0.165 0.000 0.000 -0.284
0.000 0.000 1.450 0.000 0.000 0.155 0.000 0.000 -0.281
0.000 0.000 1.455 0.000 0.000 0.146 0.000 0.000 -0.278
0.000 0.000 1.460 0.000 0.000 0.137 0.000 0.000 -0.275
0.000 0.000 1.464 0.000 0.000 0.128 0.000 0.000 -0.271
0.000 0.000 1.468 0.000 0.000 0.119 0.000 0.000 -0.266
0.000 0.000 1.472 0.000 0.000 0.110 0.000 0.000 -0.261
0.000 0.000 1.476 0.000 0.000 0.101 0.000 0.000 -0.255
0.000 0.000 1.479 0.000 0.000 0.093 0.000 0.000 -0.249
0.000 0.000 1.482 0.000 0.000 0.085 0.000 0.000 -0.242
0.000 0.000 1.484 0.000 0.000 0.077 0.000 0.000 -0.234
0.000 0.000 1.487 0.000 0.000 0.069 0.000 0.000 -0.226
0.000 0.000 1.489 0.000 0.000 0.062 0.000 0.000 -0.217
0.000 0.000 1.491 0.000 0.000 0.055 0.000 0.000 -0.208
0.000 0.000 1.493 0.000 0.000 0.048 0.000 0.000 -0.198
0.000 0.000 1.494 0.000 0.000 0.041 0.000 0.000 -0.187
0.000 0.000 1.495 0.000 0.000 0.035 0.000 0.000 -0.176
0.000 0.000 1.497 0.000 0.000 0.030 0.000 0.000 -0.164
0.000 0.000 1.497 0.000 0.000 0.025 0.000 0.000 -0.151
0.000 0.000 1.498 0.000 0.000 0.020 0.000 0.000 -0.137
0.000 0.000 1.499 0.000 0.000 0.015 0.000 0.000 -0.123
0.000 0.000 1.499 0.000 0.000 0.012 0.000 0.000 -0.108
0.000 0.000 1.500 0.000 0.000 0.008 0.000 0.000 -0.093
0.000 0.000 1.500 0.000 0.000 0.005 0.000 0.000 -0.076
0.000 0.000 1.500 0.000 0.000 0.003 0.000 0.000 -0.059
0.000 0.000 1.500 0.000 0.000 0.001 0.000 0.000 -0.041
0.000 0.000 1.500 0.000 0.000 0.000 0.000 0.000 -0.022
0.000 0.000 1.500 0.000 0.000 0.000 0.000 0.000 -0.003
0.000 0.000 1.500 0.000 0.000 0.000 0.000 0.000 0.000
0.000 0.000 1.500 0.005 0.000 0.004 0.274 0.000 0.227
0.000 0.000 1.500 0.018 0.000 0.015 0.510 0.000 0.425
0.001 0.000 1.501 0.038 0.000 0.032 0.709 0.000 0.595
0.003 0.000 1.503 0.065 0.000 0.054 0.875 0.000 0.738
0.006 0.000 1.505 0.096 0.000 0.081 1.009 0.000 0.857
0.009 0.000 1.508 0.132 0.000 0.111 1.114 0.000 0.951
0.014 0.000 1.512 0.170 0.000 0.144 1.192 0.000 1.023
0.021 0.000 1.518 0.211 0.000 0.179 1.245 0.000 1.074
0.029 0.000 1.524 0.253 0.000 0.215 1.275 0.000 1.106
0.038 0.000 1.532 0.295 0.000 0.252 1.286 0.000 1.119
0.048 0.000 1.541 0.338 0.000 0.290 1.278 0.000 1.116
0.060 0.000 1.551 0.380 0.000 0.326 1.255 0.000 1.098
0.074 0.000 1.563 0.422 0.000 0.362 1.218 0.000 1.065
0.088 0.000 1.575 0.461 0.000 0.397 1.170 0.000 1.021
0.104 0.000 1.589 0.499 0.000 0.430 1.113 0.000 0.965
0.121 0.000 1.604 0.535 0.000 0.461 1.049 0.000 0.900
0.140 0.000 1.620 0.569 0.000 0.490 0.981 0.000 0.826
0.159 0.000 1.637 0.601 0.000 0.516 0.911 0.000 0.746
0.180 0.000 1.654 0.630 0.000 0.540 0.841 0.000 0.660
0.201 0.000 1.672 0.657 0.000 0.560 0.773 0.000 0.571
0.224 0.000 1.691 0.681 0.000 0.578 0.706 0.000 0.477
0.247 0.000 1.711 0.704 0.000 0.592 0.641 0.000 0.381
0.270 0.000 1.731 0.724 0.000 0.603 0.579 0.000 0.283
0.295 0.000 1.751 0.742 0.000 0.611 0.518 0.000 0.183
0.320 0.000 1.771 0.759 0.000 0.615 0.458 0.000 0.082
0.345 0.000 1.792 0.773 0.000 0.616 0.401 0.000 -0.020
0.371 0.000 1.812 0.785 0.000 0.614 0.345 0.000 -0.121
0.398 0.000 1.833 0.796 0.000 0.608 0.291 0.000 -0.221
0.424 0.000 1.853 0.805 0.000 0.599 0.239 0.000 -0.319
0.451 0.000 1.873 0.812 0.000 0.587 0.188 0.000 -0.416
0.478 0.000 1.892 0.817 0.000 0.572 0.139 0.000 -0.509
0.506 0.000 1.911 0.821 0.000 0.553 0.091 0.000 -0.600
0.533 0.000 1.929 0.823 0.000 0.532 0.046 0.000 -0.686
0.560 0.000 1.946 0.824 0.000 0.508 0.001 0.000 -0.767
0.588 0.000 1.963 0.823 0.000 0.481 -0.042 0.000 -0.843
0.615 0.000 1.978 0.821 0.000 0.451 -0.083 0.000 -0.914
0.642 0.000 1.993 0.818 0.000 0.420 -0.122 0.000 -0.977
0.670 0.000 2.006 0.813 0.000 0.386 -0.161 0.000 -1.034
0.697 0.000 2.018 0.807 0.000 0.351 -0.197 0.000 -1.083
0.723 0.000 2.029 0.800 0.000 0.314 -0.233 0.000 -1.125
0.750 0.000 2.039 0.792 0.000 0.276 -0.267 0.000 -1.160
0.776 0.000 2.048 0.782 0.000 0.237 -0.299 0.000 -1.188
0.802 0.000 2.055 0.772 0.000 0.197 -0.330 0.000 -1.211
0.827 0.000 2.061 0.760 0.000 0.157 -0.360 0.000 -1.227
0.853 0.000 2.066 0.748 0.000 0.116 -0.388 0.000 -1.238
0.877 0.000 2.069 0.734 0.000 0.074 -0.415 0.000 -1.243
0.902 0.000 2.070 0.720 0.000 0.033 -0.441 0.000 -1.242
0.925 0.000 2.071 0.705 0.000 -0.008 -0.466 0.000 -1.237
0.948 0.000 2.070 0.689 0.000 -0.049 -0.489 0.000 -1.228
0.971 0.000 2.068 0.673 0.000 -0.090 -0.511 0.000 -1.214
0.993 0.000 2.064 0.655 0.000 -0.130 -0.532 0.000 -1.196
1.015 0.000 2.059 0.637 0.000 -0.170 -0.552 0.000 -1.174
1.036 0.000 2.053 0.618 0.000 -0.208 -0.570 0.000 -1.149
1.056 0.000 2.045 0.599 0.000 -0.246 -0.587 0.000 -1.121
1.076 0.000 2.036 0.579 0.000 -0.283 -0.604 0.000 -1.089
1.095 0.000 2.026 0.559 0.000 -0.319 -0.619 0.000 -1.055
1.113 0.000 2.015 0.538 0.000 -0.353 -0.633 0.000 -1.019
1.130 0.000 2.003 0.517 0.000 -0.387 -0.646 0.000 -0.981
1.147 0.000 1.989 0.495 0.000 -0.419 -0.658 0.000 -0.940
1.163 0.000 1.975 0.473 0.000 -0.449 -0.669 0.000 -0.899
1.179 0.000 1.959 0.451 0.000 -0.478 -0.679 0.000 -0.856
1.193 0.000 1.943 0.428 0.000 -0.506 -0.688 0.000 -0.812
1.207 0.000 1.926 0.405 0.000 -0.533 -0.696 0.000 -0.767
1.220 0.000 1.908 0.382 0.000 -0.557 -0.703 0.000 -0.722
1.233 0.000 1.889 0.358 0.000 -0.581 -0.709 0.000 -0.676
1.244 0.000 1.869 0.334 0.000 -0.602 -0.714 0.000 -0.630
1.255 0.000 1.848 0.310 0.000 -0.623 -0.719 0.000 -0.584
1.265 0.000 1.827 0.286 0.000 -0.641 -0.723 0.000 -0.538
1.274 0.000 1.806 0.262 0.000 -0.658 -0.725 0.000 -0.491
1.282 0.000 1.784 0.238 0.000 -0.674 -0.727 0.000 -0.444
1.290 0.000 1.761 0.214 0.000 -0.688 -0.729 0.000 -0.397
1.297 0.000 1.738 0.190 0.000 -0.700 -0.729 0.000 -0.350
1.302 0.000 1.714 0.165 0.000 -0.711 -0.729 0.000 -0.302
1.308 0.000 1.690 0.141 0.000 -0.720 -0.728 0.000 -0.255
1.312 0.000 1.666 0.117 0.000 -0.728 -0.726 0.000 -0.208
1.315 0.000 1.642 0.093 0.000 -0.734 -0.724 0.000 -0.161
1.318 0.000 1.617 0.069 0.000 -0.739 -0.721 0.000 -0.115
1.320 0.000 1.593 0.045 0.000 -0.742 -0.718 0.000 -0.068
1.321 0.000 1.568 0.021 0.000 -0.744 -0.714 0.000 -0.022
1.321 0.000 1.543 -0.003 0.000 -0.744 -0.709 0.000 0.023
1.321 0.000 1.519 -0.026 0.000 -0.742 -0.703 0.000 0.068
1.320 0.000 1.494 -0.050 0.000 -0.739 -0.698 0.000 0.113
1.317 0.000 1.469 -0.073 0.000 -0.734 -0.691 0.000 0.157
1.315 0.000 1.445 -0.096 0.000 -0.728 -0.684 0.000 0.201
1.311 0.000 1.421 -0.118 0.000 -0.721 -0.677 0.000 0.244
1.307 0.000 1.397 -0.141 0.000 -0.712 -0.669 0.000 0.286
1.302 0.000 1.373 -0.163 0.000 -0.702 -0.661 0.000 0.328
1.296 0.000 1.350 -0.185 0.000 -0.690 -0.653 0.000 0.368
1.289 0.000 1.327 -0.206 0.000 -0.678 -0.644 0.000 0.408
1.282 0.000 1.305 -0.228 0.000 -0.663 -0.634 0.000 0.447
1.274 0.000 1.283 -0.249 0.000 -0.648 -0.625 0.000 0.485
1.266 0.000 1.262 -0.269 0.000 -0.631 -0.615 0.000 0.521
1.256 0.000 1.241 -0.290 0.000 -0.613 -0.604 0.000 0.557
1.246 0.000 1.221 -0.310 0.000 -0.594 -0.594 0.000 0.592
1.236 0.000 1.202 -0.329 0.000 -0.574 -0.583 0.000 0.625
1.224 0.000 1.183 -0.348 0.000 -0.552 -0.572 0.000 0.657
1.213 0.000 1.165 -0.367 0.000 -0.530 -0.561 0.000 0.688
1.200 0.000 1.148 -0.386 0.000 -0.507 -0.549 0.000 0.717
1.187 0.000 1.131 -0.404 0.000 -0.482 -0.538 0.000 0.745
1.173 0.000 1.116 -0.422 0.000 -0.457 -0.526 0.000 0.772
1.159 0.000 1.101 -0.439 0.000 -0.431 -0.514 0.000 0.797
1.144 0.000 1.087 -0.456 0.000 -0.404 -0.502 0.000 0.820
1.128 0.000 1.074 -0.472 0.000 -0.376 -0.490 0.000 0.842
1.112 0.000 1.062 -0.488 0.000 -0.348 -0.478 0.000 0.862
1.096 0.000 1.051 -0.504 0.000 -0.319 -0.466 0.000 0.880
1.079 0.000 1.041 -0.519 0.000 -0.289 -0.453 0.000 0.897
1.061 0.000 1.031 -0.534 0.000 -0.259 -0.441 0.000 0.911
1.043 0.000 1.023 -0.549 0.000 -0.229 -0.429 0.000 0.924
1.025 0.000 1.016 -0.563 0.000 -0.198 -0.417 0.000 0.935
1.006 0.000 1.010 -0.577 0.000 -0.166 -0.405 0.000 0.943
0.986 0.000 1.005 -0.590 0.000 -0.135 -0.393 0.000 0.950
0.966 0.000 1.001 -0.603 0.000 -0.103 -0.381 0.000 0.954
0.946 0.000 0.998 -0.615 0.000 -0.071 -0.369 0.000 0.957
0.926 0.000 0.996 -0.627 0.000 -0.039 -0.358 0.000 0.957
0.904 0.000 0.996 -0.639 0.000 -0.008 -0.346 0.000 0.955
0.883 0.000 0.996 -0.650 0.000 0.024 -0.335 0.000 0.951
0.861 0.000 0.997 -0.661 0.000 0.056 -0.324 0.000 0.945
0.839 0.000 1.000 -0.672 0.000 0.087 -0.313 0.000 0.937
0.816 0.000 1.003 -0.682 0.000 0.118 -0.302 0.000 0.927
0.794 0.000 1.008 -0.692 0.000 0.149 -0.291 0.000 0.915
0.770 0.000 1.013 -0.702 0.000 0.179 -0.280 0.000 0.901
0.747 0.000 1.019 -0.711 0.000 0.209 -0.270 0.000 0.886
0.723 0.000 1.027 -0.720 0.000 0.238 -0.259 0.000 0.869
0.699 0.000 1.035 -0.728 0.000 0.267 -0.249 0.000 0.851
0.674 0.000 1.045 -0.736 0.000 0.295 -0.239 0.000 0.831
0.650 0.000 1.055 -0.744 0.000 0.322 -0.229 0.000 0.809
0.625 0.000 1.066 -0.751 0.000 0.349 -0.218 0.000 0.787
0.600 0.000 1.078 -0.758 0.000 0.374 -0.208 0.000 0.762
0.574 0.000 1.091 -0.765 0.000 0.399 -0.198 0.000 0.737
0.549 0.000 1.105 -0.772 0.000 0.423 -0.189 0.000 0.710
0.523 0.000 1.119 -0.778 0.000 0.447 -0.179 0.000 0.682
0.497 0.000 1.134 -0.784 0.000 0.469 -0.169 0.000 0.653
0.471 0.000 1.150 -0.789 0.000 0.490 -0.160 0.000 0.623
0.445 0.000 1.167 -0.794 0.000 0.510 -0.150 0.000 0.592
0.418 0.000 1.184 -0.799 0.000 0.529 -0.141 0.000 0.560
0.391 0.000 1.202 -0.804 0.000 0.548 -0.131 0.000 0.527
0.364 0.000 1.221 -0.808 0.000 0.565 -0.122 0.000 0.493
0.338 0.000 1.240 -0.812 0.000 0.580 -0.112 0.000 0.458
0.310 0.000 1.259 -0.815 0.000 0.595 -0.103 0.000 0.423
0.283 0.000 1.279 -0.819 0.000 0.609 -0.094 0.000 0.387
0.256 0.000 1.300 -0.821 0.000 0.621 -0.085 0.000 0.351
0.229 0.000 1.321 -0.824 0.000 0.632 -0.075 0.000 0.314
0.201 0.000 1.342 -0.827 0.000 0.642 -0.066 0.000 0.276
0.173 0.000 1.364 -0.829 0.000 0.650 -0.057 0.000 0.238
0.146 0.000 1.385 -0.830 0.000 0.658 -0.048 0.000 0.200
0.118 0.000 1.407 -0.832 0.000 0.664 -0.039 0.000 0.161
0.090 0.000 1.430 -0.833 0.000 0.668 -0.030 0.000 0.122
0.063 0.000 1.452 -0.834 0.000 0.672 -0.021 0.000 0.084
0.035 0.000 1.474 -0.834 0.000 0.674 -0.012 0.000 0.044
0.007 0.000 1.497 -0.835 0.000 0.675 -0.003 0.000 0.005
-0.021 0.000 1.519 -0.834 0.000 0.674 0.006 0.000 -0.034
-0.048 0.000 1.542 -0.834 0.000 0.672 0.015 0.000 -0.073
-0.076 0.000 1.564 -0.833 0.000 0.669 0.024 0.000 -0.112
-0.104 0.000 1.586 -0.832 0.000 0.665 0.034 0.000 -0.151
-0.132 0.000 1.608 -0.831 0.000 0.659 0.043 0.000 -0.190
-0.159 0.000 1.630 -0.830 0.000 0.652 0.052 0.000 -0.228
-0.187 0.000 1.652 -0.828 0.000 0.644 0.061 0.000 -0.266
-0.214 0.000 1.673 -0.826 0.000 0.635 0.070 0.000 -0.304
-0.242 0.000 1.694 -0.823 0.000 0.624 0.079 0.000 -0.341
-0.269 0.000 1.714 -0.820 0.000 0.612 0.089 0.000 -0.378
-0.296 0.000 1.735 -0.817 0.000 0.599 0.098 0.000 -0.414
-0.324 0.000 1.754 -0.814 0.000 0.584 0.107 0.000 -0.449
-0.351 0.000 1.774 -0.810 0.000 0.569 0.116 0.000 -0.484
-0.378 0.000 1.792 -0.806 0.000 0.552 0.126 0.000 -0.518
-0.404 0.000 1.810 -0.802 0.000 0.534 0.135 0.000 -0.551
-0.431 0.000 1.828 -0.797 0.000 0.515 0.145 0.000 -0.583
-0.457 0.000 1.845 -0.792 0.000 0.495 0.154 0.000 -0.615
-0.484 0.000 1.861 -0.787 0.000 0.474 0.164 0.000 -0.645
-0.510 0.000 1.876 -0.781 0.000 0.453 0.174 0.000 -0.674
-0.536 0.000 1.891 -0.775 0.000 0.430 0.184 0.000 -0.703
-0.561 0.000 1.905 -0.769 0.000 0.406 0.193 0.000 -0.730
-0.587 0.000 1.918 -0.762 0.000 0.381 0.203 0.000 -0.755
-0.612 0.000 1.930 -0.755 0.000 0.355 0.213 0.000 -0.780
-0.637 0.000 1.942 -0.748 0.000 0.329 0.224 0.000 -0.803
-0.662 0.000 1.952 -0.740 0.000 0.302 0.234 0.000 -0.825
-0.687 0.000 1.962 -0.732 0.000 0.274 0.244 0.000 -0.845
-0.711 0.000 1.970 -0.724 0.000 0.246 0.255 0.000 -0.864
-0.735 0.000 1.978 -0.716 0.000 0.217 0.265 0.000 -0.881
-0.758 0.000 1.985 -0.707 0.000 0.187 0.276 0.000 -0.897
-0.782 0.000 1.990 -0.697 0.000 0.157 0.286 0.000 -0.911
-0.805 0.000 1.995 -0.687 0.000 0.126 0.297 0.000 -0.923
-0.828 0.000 1.999 -0.677 0.000 0.095 0.308 0.000 -0.933
-0.850 0.000 2.002 -0.667 0.000 0.064 0.319 0.000 -0.942
-0.872 0.000 2.003 -0.656 0.000 0.033 0.331 0.000 -0.948
-0.894 0.000 2.004 -0.645 0.000 0.001 0.342 0.000 -0.953
-0.915 0.000 2.003 -0.633 0.000 -0.031 0.353 0.000 -0.955
-0.936 0.000 2.002 -0.621 0.000 -0.062 0.365 0.000 -0.955
-0.956 0.000 1.999 -0.609 0.000 -0.094 0.377 0.000 -0.954
-0.976 0.000 1.995 -0.596 0.000 -0.126 0.389 0.000 -0.950
-0.996 0.000 1.991 -0.583 0.000 -0.157 0.401 0.000 -0.944
-1.015 0.000 1.985 -0.570 0.000 -0.189 0.413 0.000 -0.936
-1.034 0.000 1.978 -0.556 0.000 -0.220 0.425 0.000 -0.925
-1.052 0.000 1.970 -0.541 0.000 -0.250 0.437 0.000 -0.913
-1.070 0.000 1.961 -0.526 0.000 -0.281 0.450 0.000 -0.899
-1.087 0.000 1.952 -0.511 0.000 -0.310 0.462 0.000 -0.883
-1.104 0.000 1.941 -0.496 0.000 -0.339 0.474 0.000 -0.865
-1.120 0.000 1.929 -0.480 0.000 -0.368 0.486 0.000 -0.846
-1.136 0.000 1.916 -0.463 0.000 -0.396 0.499 0.000 -0.825
-1.151 0.000 1.903 -0.447 0.000 -0.423 0.511 0.000 -0.802
-1.166 0.000 1.888 -0.429 0.000 -0.449 0.523 0.000 -0.777
-1.180 0.000 1.873 -0.412 0.000 -0.474 0.535 0.000 -0.751
-1.193 0.000 1.857 -0.394 0.000 -0.499 0.546 0.000 -0.724
-1.206 0.000 1.840 -0.375 0.000 -0.523 0.558 0.000 -0.695
-1.218 0.000 1.822 -0.357 0.000 -0.545 0.569 0.000 -0.665
-1.230 0.000 1.803 -0.337 0.000 -0.567 0.580 0.000 -0.633
-1.241 0.000 1.784 -0.318 0.000 -0.587 0.591 0.000 -0.600
-1.251 0.000 1.764 -0.298 0.000 -0.607 0.602 0.000 -0.566
-1.260 0.000 1.744 -0.278 0.000 -0.625 0.612 0.000 -0.531
-1.269 0.000 1.723 -0.257 0.000 -0.642 0.623 0.000 -0.494
-1.278 0.000 1.701 -0.236 0.000 -0.658 0.632 0.000 -0.457
-1.285 0.000 1.679 -0.215 0.000 -0.673 0.642 0.000 -0.419
-1.292 0.000 1.656 -0.194 0.000 -0.686 0.651 0.000 -0.379
-1.298 0.000 1.633 -0.172 0.000 -0.698 0.660 0.000 -0.339
-1.303 0.000 1.610 -0.150 0.000 -0.708 0.668 0.000 -0.298
-1.308 0.000 1.586 -0.127 0.000 -0.718 0.676 0.000 -0.256
-1.312 0.000 1.562 -0.105 0.000 -0.726 0.683 0.000 -0.214
-1.315 0.000 1.538 -0.082 0.000 -0.732 0.690 0.000 -0.170
-1.317 0.000 1.513 -0.059 0.000 -0.737 0.697 0.000 -0.127
-1.319 0.000 1.489 -0.035 0.000 -0.740 0.703 0.000 -0.082
-1.320 0.000 1.464 -0.012 0.000 -0.742 0.708 0.000 -0.037
-1.320 0.000 1.439 0.012 0.000 -0.743 0.713 0.000 0.008
-1.319 0.000 1.414 0.036 0.000 -0.742 0.718 0.000 0.054
-1.317 0.000 1.390 0.060 0.000 -0.739 0.721 0.000 0.100
-1.315 0.000 1.365 0.084 0.000 -0.735 0.725 0.000 0.146
-1.312 0.000 1.341 0.108 0.000 -0.729 0.727 0.000 0.193
-1.308 0.000 1.317 0.132 0.000 -0.722 0.729 0.000 0.240
-1.303 0.000 1.293 0.156 0.000 -0.713 0.730 0.000 0.287
-1.297 0.000 1.269 0.181 0.000 -0.703 0.731 0.000 0.334
-1.291 0.000 1.246 0.205 0.000 -0.691 0.730 0.000 0.381
-1.284 0.000 1.223 0.229 0.000 -0.678 0.729 0.000 0.428
-1.276 0.000 1.201 0.254 0.000 -0.663 0.727 0.000 0.475
-1.267 0.000 1.179 0.278 0.000 -0.646 0.725 0.000 0.522
-1.257 0.000 1.158 0.302 0.000 -0.628 0.721 0.000 0.569
-1.247 0.000 1.137 0.326 0.000 -0.608 0.717 0.000 0.615
-1.235 0.000 1.117 0.350 0.000 -0.587 0.712 0.000 0.661
-1.223 0.000 1.098 0.373 0.000 -0.564 0.706 0.000 0.707
-1.211 0.000 1.080 0.397 0.000 -0.540 0.699 0.000 0.752
-1.197 0.000 1.062 0.420 0.000 -0.514 0.692 0.000 0.797
-1.183 0.000 1.045 0.443 0.000 -0.487 0.683 0.000 0.842
-1.167 0.000 1.030 0.465 0.000 -0.458 0.673 0.000 0.885
-1.152 0.000 1.015 0.488 0.000 -0.428 0.662 0.000 0.927
-1.135 0.000 1.001 0.509 0.000 -0.396 0.651 0.000 0.967
-1.118 0.000 0.989 0.531 0.000 -0.364 0.638 0.000 1.006
-1.100 0.000 0.977 0.552 0.000 -0.329 0.624 0.000 1.044
-1.081 0.000 0.967 0.572 0.000 -0.294 0.610 0.000 1.079
-1.062 0.000 0.957 0.592 0.000 -0.258 0.594 0.000 1.111
-1.041 0.000 0.950 0.612 0.000 -0.220 0.577 0.000 1.140
-1.021 0.000 0.943 0.631 0.000 -0.182 0.558 0.000 1.166
-0.999 0.000 0.937 0.649 0.000 -0.142 0.539 0.000 1.189
-0.978 0.000 0.933 0.667 0.000 -0.102 0.519 0.000 1.209
-0.955 0.000 0.931 0.684 0.000 -0.062 0.497 0.000 1.224
-0.932 0.000 0.929 0.700 0.000 -0.021 0.474 0.000 1.236
-0.908 0.000 0.929 0.715 0.000 0.020 0.450 0.000 1.242
-0.884 0.000 0.931 0.730 0.000 0.062 0.424 0.000 1.243
-0.860 0.000 0.933 0.743 0.000 0.103 0.398 0.000 1.240
-0.835 0.000 0.938 0.756 0.000 0.144 0.370 0.000 1.231
-0.810 0.000 0.943 0.768 0.000 0.185 0.340 0.000 1.217
-0.784 0.000 0.950 0.779 0.000 0.225 0.309 0.000 1.197
-0.758 0.000 0.958 0.789 0.000 0.265 0.277 0.000 1.170
-0.731 0.000 0.967 0.797 0.000 0.303 0.244 0.000 1.137
-0.705 0.000 0.978 0.805 0.000 0.340 0.209 0.000 1.097
-0.678 0.000 0.990 0.811 0.000 0.376 0.173 0.000 1.050
-0.651 0.000 1.003 0.816 0.000 0.410 0.135 0.000 0.995
-0.623 0.000 1.017 0.820 0.000 0.442 0.096 0.000 0.933
-0.596 0.000 1.033 0.823 0.000 0.472 0.055 0.000 0.865
-0.569 0.000 1.049 0.824 0.000 0.500 0.012 0.000 0.791
-0.541 0.000 1.066 0.823 0.000 0.525 -0.031 0.000 0.712
-0.514 0.000 1.084 0.822 0.000 0.547 -0.077 0.000 0.627
-0.486 0.000 1.102 0.818 0.000 0.566 -0.124 0.000 0.537
-0.459 0.000 1.121 0.813 0.000 0.583 -0.172 0.000 0.443
-0.432 0.000 1.141 0.807 0.000 0.596 -0.223 0.000 0.347
-0.406 0.000 1.161 0.799 0.000 0.606 -0.275 0.000 0.250
-0.379 0.000 1.181 0.789 0.000 0.613 -0.328 0.000 0.151
-0.353 0.000 1.202 0.777 0.000 0.616 -0.384 0.000 0.050
-0.327 0.000 1.222 0.763 0.000 0.616 -0.441 0.000 -0.052
-0.302 0.000 1.243 0.747 0.000 0.612 -0.499 0.000 -0.154
-0.278 0.000 1.263 0.730 0.000 0.606 -0.560 0.000 -0.255
-0.254 0.000 1.283 0.710 0.000 0.595 -0.622 0.000 -0.353
-0.230 0.000 1.303 0.688 0.000 0.582 -0.686 0.000 -0.449
-0.208 0.000 1.322 0.664 0.000 0.566 -0.752 0.000 -0.543
-0.186 0.000 1.340 0.638 0.000 0.546 -0.820 0.000 -0.634
-0.165 0.000 1.358 0.610 0.000 0.523 -0.892 0.000 -0.723
-0.146 0.000 1.375 0.579 0.000 0.498 -0.964 0.000 -0.806
-0.127 0.000 1.392 0.545 0.000 0.470 -1.031 0.000 -0.880
-0.109 0.000 1.407 0.510 0.000 0.439 -1.093 0.000 -0.946
-0.093 0.000 1.421 0.473 0.000 0.407 -1.149 0.000 -1.003
-0.078 0.000 1.434 0.434 0.000 0.373 -1.201 0.000 -1.051
-0.064 0.000 1.445 0.393 0.000 0.337 -1.246 0.000 -1.090
-0.052 0.000 1.456 0.351 0.000 0.300 -1.276 0.000 -1.114
-0.041 0.000 1.465 0.308 0.000 0.263 -1.288 0.000 -1.121
-0.031 0.000 1.474 0.265 0.000 0.226 -1.280 0.000 -1.110
-0.023 0.000 1.481 0.223 0.000 0.189 -1.253 0.000 -1.083
-0.016 0.000 1.486 0.182 0.000 0.154 -1.207 0.000 -1.037
-0.011 0.000 1.491 0.143 0.000 0.120 -1.140 0.000 -0.973
-0.007 0.000 1.494 0.106 0.000 0.089 -1.047 0.000 -0.888
-0.004 0.000 1.497 0.073 0.000 0.062 -0.922 0.000 -0.777
-0.002 0.000 1.499 0.045 0.000 0.038 -0.763 0.000 -0.640
-0.001 0.000 1.499 0.023 0.000 0.019 -0.571 0.000 -0.477
-0.000 0.000 1.500 0.008 0.000 0.006 -0.345 0.000 -0.287
-0.000 0.000 1.500 0.000 0.000 0.000 -0.085 0.000 -0.070
0.000 0.000 1.500 0.000 0.000 0.000 0.000 0.000 0.000
