0.000 0.000 0.250 0.000 0.000 0.000 0.000 0.000 0.000
0.000 0.000 0.250 0.000 0.000 0.000 0.000 0.000 0.020
0.000 0.000 0.250 0.000 0.000 0.001 0.000 0.000 0.038
0.000 0.000 0.250 0.000 0.000 0.003 0.000 0.000 0.056
0.000 0.000 0.250 0.000 0.000 0.005 0.000 0.000 0.074
0.000 0.000 0.250 0.000 0.000 0.008 0.000 0.000 0.090
0.000 0.000 0.251 0.000 0.000 0.011 0.000 0.000 0.106
0.000 0.000 0.251 0.000 0.000 0.015 0.000 0.000 0.121
0.000 0.000 0.252 0.000 0.000 0.019 0.000 0.000 0.135
0.000 0.000 0.252 0.000 0.000 0.024 0.000 0.000 0.149
0.000 0.000 0.253 0.000 0.000 0.029 0.000 0.000 0.162
0.000 0.000 0.254 0.000 0.000 0.035 0.000 0.000 0.174
0.000 0.000 0.256 0.000 0.000 0.041 0.000 0.000 0.185
0.000 0.000 0.257 0.000 0.000 0.047 0.000 0.000 0.196
0.000 0.000 0.259 0.000 0.000 0.054 0.000 0.000 0.206
0.000 0.000 0.261 0.000 0.000 0.061 0.000 0.000 0.216
0.000 0.000 0.263 0.000 0.000 0.068 0.000 0.000 0.225
0.000 0.000 0.265 0.000 0.000 0.076 0.000 0.000 0.233
0.000 0.000 0.268 0.000 0.000 0.083 0.000 0.000 0.241
0.000 0.000 0.271 0.000 0.000 0.092 0.000 0.000 0.248
0.000 0.000 0.274 0.000 0.000 0.100 0.000 0.000 0.254
0.000 0.000 0.277 0.000 0.000 0.109 0.000 0.000 0.260
0.000 0.000 0.281 0.000 0.000 0.117 0.000 0.000 0.265
0.000 0.000 0.285 0.000 0.000 0.126 0.000 0.000 0.270
0.000 0.000 0.290 0.000 0.000 0.135 0.000 0.000 0.274
0.000 0.000 0.294 0.000 0.000 0.144 0.000 0.000 0.278
0.000 0.000 0.299 0.000 0.000 0.154 0.000 0.000 0.281
0.000 0.000 0.304 0.000 0.000 0.163 0.000 0.000 0.283
0.000 0.000 0.310 0.000 0.000 0.173 0.000 0.000 0.285
0.000 0.000 0.316 0.000 0.000 0.182 0.000 0.000 0.287
0.000 0.000 0.322 0.000 0.000 0.192 0.000 0.000 0.288
0.000 0.000 0.329 0.000 0.000 0.201 0.000 0.000 0.289
0.000 0.000 0.336 0.000 0.000 0.211 0.000 0.000 0.289
0.000 0.000 0.343 0.000 0.000 0.221 0.000 0.000 0.288
0.000 0.000 0.350 0.000 0.000 0.230 0.000 0.000 0.288
0.000 0.000 0.358 0.000 0.000 0.240 0.000 0.000 0.286
0.000 0.000 0.366 0.000 0.000 0.249 0.000 0.000 0.285
0.000 0.000 0.375 0.000 0.000 0.259 0.000 0.000 0.283
0.000 0.000 0.383 0.000 0.000 0.268 0.000 0.000 0.280
0.000 0.000 0.393 0.000 0.000 0.277 0.000 0.000 0.277
0.000 0.000 0.402 0.000 0.000 0.286 0.000 0.000 0.274
0.000 0.000 0.412 0.000 0.000 0.296 0.000 0.000 0.270
0.000 0.000 0.422 0.000 0.000 0.304 0.000 0.000 0.266
0.000 0.000 0.432 0.000 0.000 0.313 0.000 0.000 0.262
0.000 0.000 0.442 0.000 0.000 0.322 0.000 0.000 0.257
0.000 0.000 0.453 0.000 0.000 0.330 0.000 0.000 0.252
0.000 0.000 0.464 0.000 0.000 0.339 0.000 0.000 0.247
0.000 0.000 0.476 0.000 0.000 0.347 0.000 0.000 0.241
0.000 0.000 0.488 0.000 0.000 0.355 0.000 0.000 0.235
0.000 0.000 0.500 0.000 0.000 0.362 0.000 0.000 0.229
0.000 0.000 0.512 0.000 0.000 0.370 0.000 0.000 0.223
0.000 0.000 0.524 0.000 0.000 0.377 0.000 0.000 0.216
0.000 0.000 0.537 0.000 0.000 0.384 0.000 0.000 0.209
0.000 0.000 0.550 0.000 0.000 0.391 0.000 0.000 0.201
0.000 0.000 0.563 0.000 0.000 0.398 0.000 0.000 0.194
0.000 0.000 0.576 0.000 0.000 0.404 0.000 0.000 0.186
0.000 0.000 0.590 0.000 0.000 0.410 0.000 0.000 0.178
0.000 0.000 0.604 0.000 0.000 0.416 0.000 0.000 0.170
0.000 0.000 0.618 0.000 0.000 0.422 0.000 0.000 0.162
0.000 0.000 0.632 0.000 0.000 0.427 0.000 0.000 0.153
0.000 0.000 0.646 0.000 0.000 0.432 0.000 0.000 0.145
0.000 0.000 0.660 0.000 0.000 0.436 0.000 0.000 0.136
0.000 0.000 0.675 0.000 0.000 0.441 0.000 0.000 0.127
0.000 0.000 0.690 0.000 0.000 0.445 0.000 0.000 0.118
0.000 0.000 0.705 0.000 0.000 0.449 0.000 0.000 0.108
0.000 0.000 0.720 0.000 0.000 0.452 0.000 0.000 0.099
0.000 0.000 0.735 0.000 0.000 0.455 0.000 0.000 0.089
0.000 0.000 0.750 0.000 0.000 0.458 0.000 0.000 0.080
0.000 0.000 0.765 0.000 0.000 0.460 0.000 0.000 0.070
0.000 0.000 0.781 0.000 0.000 0.463 0.000 0.000 0.060
0.000 0.000 0.796 0.000 0.000 0.464 0.000 0.000 0.050
0.000 0.000 0.812 0.000 0.000 0.466 0.000 0.000 0.041
0.000 0.000 0.827 0.000 0.000 0.467 0.000 0.000 0.031
0.000 0.000 0.843 0.000 0.000 0.468 0.000 0.000 0.021
0.000 0.000 0.858 0.000 0.000 0.469 0.000 0.000 0.011
0.000 0.000 0.874 0.000 0.000 0.469 0.000 0.000 0.001
0.000 0.000 0.889 0.000 0.000 0.469 0.000 0.000 -0.009
0.000 0.000 0.905 0.000 0.000 0.468 0.000 0.000 -0.019
0.000 0.000 0.921 0.000 0.000 0.467 0.000 0.000 -0.029
0.000 0.000 0.936 0.000 0.000 0.466 0.000 0.000 -0.039
0.000 0.000 0.952 0.000 0.000 0.465 0.000 0.000 -0.049
0.000 0.000 0.967 0.000 0.000 0.463 0.000 0.000 -0.059
0.000 0.000 0.982 0.000 0.000 0.461 0.000 0.000 -0.069
0.000 0.000 0.998 0.000 0.000 0.458 0.000 0.000 -0.078
0.000 0.000 1.013 0.000 0.000 0.456 0.000 0.000 -0.088
0.000 0.000 1.028 0.000 0.000 0.453 0.000 0.000 -0.097
0.000 0.000 1.043 0.000 0.000 0.449 0.000 0.000 -0.107
0.000 0.000 1.058 0.000 0.000 0.445 0.000 0.000 -0.116
0.000 0.000 1.073 0.000 0.000 0.441 0.000 0.000 -0.125
0.000 0.000 1.087 0.000 0.000 0.437 0.000 0.000 -0.134
0.000 0.000 1.102 0.000 0.000 0.432 0.000 0.000 -0.143
0.000 0.000 1.116 0.000 0.000 0.428 0.000 0.000 -0.152
0.000 0.000 1.130 0.000 0.000 0.422 0.000 0.000 -0.160
0.000 0.000 1.144 0.000 0.000 0.417 0.000 0.000 -0.169
0.000 0.000 1.158 0.000 0.000 0.411 0.000 0.000 -0.177
0.000 0.000 1.172 0.000 0.000 0.405 0.000 0.000 -0.185
0.000 0.000 1.185 0.000 0.000 0.399 0.000 0.000 -0.193
0.000 0.000 1.198 0.000 0.000 0.392 0.000 0.000 -0.200
0.000 0.000 1.211 0.000 0.000 0.385 0.000 0.000 -0.208
0.000 0.000 1.224 0.000 0.000 0.378 0.000 0.000 -0.215
0.000 0.000 1.236 0.000 0.000 0.371 0.000 0.000 -0.222
0.000 0.000 1.249 0.000 0.000 0.364 0.000 0.000 -0.228
0.000 0.000 1.261 0.000 0.000 0.356 0.000 0.000 -0.234
0.000 0.000 1.272 0.000 0.000 0.348 0.000 0.000 -0.240
0.000 0.000 1.284 0.000 0.000 0.340 0.000 0.000 -0.246
0.000 0.000 1.295 0.000 0.000 0.332 0.000 0.000 -0.251
0.000 0.000 1.306 0.000 0.000 0.323 0.000 0.000 -0.257
0.000 0.000 1.317 0.000 0.000 0.315 0.000 0.000 -0.261
0.000 0.000 1.327 0.000 0.000 0.306 0.000 0.000 -0.266
0.000 0.000 1.337 0.000 0.000 0.297 0.000 0.000 -0.270
0.000 0.000 1.347 0.000 0.000 0.288 0.000 0.000 -0.273
0.000 0.000 1.356 0.000 0.000 0.279 0.000 0.000 -0.277
0.000 0.000 1.365 0.000 0.000 0.269 0.000 0.000 -0.280
0.000 0.000 1.374 0.000 0.000 0.260 0.000 0.000 -0.282
0.000 0.000 1.382 0.000 0.000 0.251 0.000 0.000 -0.284
0.000 0.000 1.391 0.000 0.000 0.241 0.000 0.000 -0.286
0.000 0.000 1.399 0.000 0.000 0.232 0.000 0.000 -0.287
0.000 0.000 1.406 0.000 0.000 0.222 0.000 0.000 -0.288
0.000 0.000 1.413 0.000 0.000 0.212 0.000 0.000 -0.289
0.000 0.000 1.420 0.000 0.000 0.203 0.000 0.000 -0.289
0.000 0.000 1.427 0.000 0.000 0.193 0.000 0.000 -0.288
0.000 0.000 1.433 0.000 0.000 0.184 0.000 0.000 -0.287
0.000 0.000 1.439 0.000 0.000 0.174 0.000 0.000 -0.286
0.000 0.000 1.445 0.000 0.000 0.165 0.000 0.000 -0.284
0.000 0.000 1.450 0.000 0.000 0.155 0.000 0.000 -0.281
0.000 0.000 1.455 0.000 0.000 0.146 0.000 0.000 -0.278
0.000 0.000 1.460 0.000 0.000 0.137 0.000 0.000 -0.275
0.000 0.000 1.464 0.000 0.000 0.128 0.000 0.000 -0.271
0.000 0.000 1.468 0.000 0.000 0.119 0.000 0.000 -0.266
0.000 0.000 1.472 0.000 0.000 0.110 0.000 0.000 -0.261
0.000 0.000 1.476 0.000 0.000 0.101 0.000 0.000 -0.255
0.000 0.000 1.479 0.000 0.000 0.093 0.000 0.000 -0.249
0.000 0.000 1.482 0.000 0.000 0.085 0.000 0.000 -0.242
0.000 0.000 1.484 0.000 0.000 0.077 0.000 0.000 -0.234
0.000 0.000 1.487 0.000 0.000 0.069 0.000 0.000 -0.226
0.000 0.000 1.489 0.000 0.000 0.062 0.000 0.000 -0.217
0.000 0.000 1.491 0.000 0.000 0.055 0.000 0.000 -0.208
0.000 0.000 1.493 0.000 0.000 0.048 0.000 0.000 -0.198
0.000 0.000 1.494 0.000 0.000 0.041 0.000 0.000 -0.187
0.000 0.000 1.495 0.000 0.000 0.035 0.000 0.000 -0.176
0.000 0.000 1.497 0.000 0.000 0.030 0.000 0.000 -0.164
0.000 0.000 1.497 0.000 0.000 0.025 0.000 0.000 -0.151
0.000 0.000 1.498 0.000 0.000 0.020 0.000 0.000 -0.137
0.000 0.000 1.499 0.000 0.000 0.015 0.000 0.000 -0.123
0.000 0.000 1.499 0.000 0.000 0.012 0.000 0.000 -0.108
0.000 0.000 1.500 0.000 0.000 0.008 0.000 0.000 -0.093
0.000 0.000 1.500 0.000 0.000 0.005 0.000 0.000 -0.076
0.000 0.000 1.500 0.000 0.000 0.003 0.000 0.000 -0.059
0.000 0.000 1.500 0.000 0.000 0.001 0.000 0.000 -0.041
0.000 0.000 1.500 0.000 0.000 0.000 0.000 0.000 -0.022
0.000 0.000 1.500 0.000 0.000 0.000 0.000 0.000 -0.003
0.000 0.000 1.500 0.000 0.000 0.000 0.000 0.000 0.000
0.001 0.001 1.500 0.045 0.047 0.000 2.548 2.695 0.000
0.004 0.004 1.500 0.161 0.170 0.000 4.339 4.527 0.000
0.012 0.012 1.500 0.326 0.341 0.000 5.477 5.615 0.000
0.026 0.027 1.500 0.520 0.537 0.000 6.065 6.075 0.000
0.047 0.048 1.500 0.725 0.740 0.000 6.206 6.028 0.000
0.074 0.076 1.500 0.929 0.934 0.000 6.005 5.591 0.000
0.108 0.110 1.500 1.123 1.109 0.000 5.566 4.883 0.000
0.149 0.150 1.500 1.299 1.258 0.000 4.991 4.023 0.000
0.195 0.194 1.500 1.455 1.377 0.000 4.384 3.126 0.000
0.245 0.241 1.500 1.591 1.466 0.000 3.802 2.262 0.000
0.300 0.291 1.500 1.708 1.528 0.000 3.249 1.436 0.000
0.359 0.342 1.500 1.808 1.562 0.000 2.724 0.650 0.000
0.421 0.395 1.500 1.890 1.571 0.000 2.227 -0.093 0.000
0.485 0.447 1.500 1.956 1.557 0.000 1.756 -0.792 0.000
0.551 0.498 1.500 2.007 1.519 0.000 1.312 -1.444 0.000
0.618 0.548 1.500 2.044 1.461 0.000 0.892 -2.047 0.000
0.687 0.595 1.500 2.067 1.383 0.000 0.498 -2.599 0.000
0.756 0.640 1.500 2.077 1.288 0.000 0.129 -3.098 0.000
0.825 0.681 1.500 2.076 1.178 0.000 -0.217 -3.542 0.000
0.894 0.718 1.500 2.063 1.053 0.000 -0.540 -3.928 0.000
0.962 0.751 1.500 2.040 0.917 0.000 -0.841 -4.254 0.000
1.030 0.779 1.500 2.007 0.771 0.000 -1.119 -4.519 0.000
1.096 0.802 1.500 1.966 0.617 0.000 -1.376 -4.720 0.000
1.160 0.820 1.500 1.916 0.457 0.000 -1.613 -4.856 0.000
1.223 0.833 1.500 1.859 0.294 0.000 -1.829 -4.932 0.000
1.284 0.840 1.500 1.794 0.129 0.000 -2.026 -4.951 0.000
1.343 0.841 1.500 1.724 -0.035 0.000 -2.204 -4.919 0.000
1.399 0.837 1.500 1.648 -0.198 0.000 -2.364 -4.839 0.000
1.452 0.828 1.500 1.567 -0.357 0.000 -2.506 -4.717 0.000
1.503 0.813 1.500 1.481 -0.512 0.000 -2.631 -4.557 0.000
1.551 0.794 1.500 1.392 -0.660 0.000 -2.740 -4.363 0.000
1.596 0.770 1.500 1.299 -0.802 0.000 -2.832 -4.141 0.000
1.637 0.741 1.500 1.203 -0.936 0.000 -2.910 -3.894 0.000
1.676 0.707 1.500 1.105 -1.061 0.000 -2.973 -3.628 0.000
1.711 0.670 1.500 1.005 -1.177 0.000 -3.022 -3.346 0.000
1.743 0.629 1.500 0.904 -1.284 0.000 -3.057 -3.053 0.000
1.771 0.585 1.500 0.802 -1.381 0.000 -3.080 -2.755 0.000
1.796 0.537 1.500 0.699 -1.467 0.000 -3.091 -2.455 0.000
1.818 0.487 1.500 0.596 -1.544 0.000 -3.090 -2.154 0.000
1.836 0.435 1.500 0.493 -1.611 0.000 -3.078 -1.854 0.000
1.851 0.380 1.500 0.391 -1.668 0.000 -3.055 -1.555 0.000
1.862 0.324 1.500 0.290 -1.714 0.000 -3.023 -1.258 0.000
1.870 0.266 1.500 0.190 -1.751 0.000 -2.982 -0.964 0.000
1.875 0.207 1.500 0.092 -1.779 0.000 -2.932 -0.673 0.000
1.876 0.147 1.500 -0.005 -1.796 0.000 -2.875 -0.386 0.000
1.874 0.088 1.500 -0.100 -1.804 0.000 -2.810 -0.103 0.000
1.869 0.027 1.500 -0.192 -1.803 0.000 -2.738 0.174 0.000
1.862 -0.032 1.500 -0.282 -1.793 0.000 -2.660 0.446 0.000
1.851 -0.092 1.500 -0.369 -1.773 0.000 -2.577 0.711 0.000
1.837 -0.150 1.500 -0.454 -1.745 0.000 -2.489 0.969 0.000
1.821 -0.208 1.500 -0.535 -1.709 0.000 -2.397 1.220 0.000
1.801 -0.264 1.500 -0.613 -1.664 0.000 -2.300 1.462 0.000
1.780 -0.319 1.500 -0.688 -1.612 0.000 -2.201 1.694 0.000
1.756 -0.371 1.500 -0.760 -1.552 0.000 -2.100 1.917 0.000
1.729 -0.422 1.500 -0.828 -1.484 0.000 -1.996 2.130 0.000
1.700 -0.470 1.500 -0.893 -1.410 0.000 -1.892 2.331 0.000
1.670 -0.516 1.500 -0.954 -1.329 0.000 -1.786 2.521 0.000
1.637 -0.559 1.500 -1.012 -1.242 0.000 -1.681 2.699 0.000
1.602 -0.599 1.500 -1.066 -1.149 0.000 -1.576 2.863 0.000
1.566 -0.635 1.500 -1.117 -1.052 0.000 -1.473 3.014 0.000
1.528 -0.669 1.500 -1.164 -0.949 0.000 -1.371 3.150 0.000
1.489 -0.698 1.500 -1.208 -0.842 0.000 -1.272 3.271 0.000
1.448 -0.725 1.500 -1.249 -0.731 0.000 -1.176 3.377 0.000
1.405 -0.747 1.500 -1.286 -0.617 0.000 -1.083 3.466 0.000
1.362 -0.766 1.500 -1.321 -0.501 0.000 -0.994 3.538 0.000
1.317 -0.780 1.500 -1.353 -0.382 0.000 -0.911 3.593 0.000
1.272 -0.791 1.500 -1.382 -0.262 0.000 -0.833 3.629 0.000
1.225 -0.798 1.500 -1.408 -0.140 0.000 -0.759 3.646 0.000
1.178 -0.800 1.500 -1.432 -0.019 0.000 -0.691 3.644 0.000
1.130 -0.799 1.500 -1.454 0.102 0.000 -0.628 3.622 0.000
1.081 -0.794 1.500 -1.474 0.222 0.000 -0.568 3.582 0.000
1.032 -0.784 1.500 -1.492 0.340 0.000 -0.514 3.522 0.000
0.982 -0.771 1.500 -1.509 0.457 0.000 -0.463 3.446 0.000
0.931 -0.754 1.500 -1.523 0.570 0.000 -0.416 3.354 0.000
0.880 -0.733 1.500 -1.536 0.680 0.000 -0.373 3.246 0.000
0.829 -0.709 1.500 -1.548 0.786 0.000 -0.333 3.124 0.000
0.777 -0.681 1.500 -1.558 0.888 0.000 -0.296 2.988 0.000
0.725 -0.650 1.500 -1.568 0.985 0.000 -0.263 2.839 0.000
0.673 -0.615 1.500 -1.576 1.077 0.000 -0.232 2.678 0.000
0.620 -0.578 1.500 -1.583 1.163 0.000 -0.204 2.507 0.000
0.568 -0.538 1.500 -1.590 1.243 0.000 -0.178 2.324 0.000
0.515 -0.495 1.500 -1.595 1.318 0.000 -0.155 2.134 0.000
0.461 -0.450 1.500 -1.600 1.385 0.000 -0.133 1.934 0.000
0.408 -0.403 1.500 -1.604 1.446 0.000 -0.114 1.727 0.000
0.355 -0.354 1.500 -1.608 1.500 0.000 -0.096 1.513 0.000
0.301 -0.303 1.500 -1.610 1.547 0.000 -0.079 1.293 0.000
0.247 -0.251 1.500 -1.613 1.586 0.000 -0.063 1.069 0.000
0.194 -0.198 1.500 -1.615 1.618 0.000 -0.049 0.841 0.000
0.140 -0.143 1.500 -1.616 1.642 0.000 -0.035 0.609 0.000
0.086 -0.088 1.500 -1.617 1.659 0.000 -0.021 0.375 0.000
0.032 -0.033 1.500 -1.617 1.667 0.000 -0.008 0.140 0.000
-0.022 0.023 1.500 -1.617 1.668 0.000 0.005 -0.096 0.000
-0.076 0.078 1.500 -1.617 1.661 0.000 0.018 -0.332 0.000
-0.129 0.133 1.500 -1.616 1.646 0.000 0.031 -0.566 0.000
-0.183 0.188 1.500 -1.615 1.623 0.000 0.045 -0.798 0.000
-0.237 0.241 1.500 -1.613 1.593 0.000 0.059 -1.027 0.000
-0.291 0.294 1.500 -1.611 1.555 0.000 0.075 -1.252 0.000
-0.344 0.345 1.500 -1.608 1.509 0.000 0.091 -1.473 0.000
-0.398 0.394 1.500 -1.605 1.457 0.000 0.109 -1.688 0.000
-0.451 0.442 1.500 -1.601 1.397 0.000 0.128 -1.896 0.000
-0.504 0.487 1.500 -1.596 1.331 0.000 0.150 -2.097 0.000
-0.558 0.530 1.500 -1.591 1.258 0.000 0.173 -2.290 0.000
-0.610 0.571 1.500 -1.585 1.178 0.000 0.198 -2.474 0.000
-0.663 0.609 1.500 -1.578 1.093 0.000 0.226 -2.647 0.000
-0.716 0.643 1.500 -1.570 1.002 0.000 0.256 -2.810 0.000
-0.768 0.675 1.500 -1.561 0.906 0.000 0.289 -2.961 0.000
-0.819 0.704 1.500 -1.551 0.805 0.000 0.325 -3.100 0.000
-0.871 0.729 1.500 -1.539 0.700 0.000 0.364 -3.225 0.000
-0.922 0.750 1.500 -1.526 0.590 0.000 0.407 -3.335 0.000
-0.973 0.768 1.500 -1.512 0.478 0.000 0.453 -3.430 0.000
-1.023 0.782 1.500 -1.496 0.362 0.000 0.503 -3.510 0.000
-1.072 0.792 1.500 -1.478 0.244 0.000 0.557 -3.572 0.000
-1.121 0.798 1.500 -1.459 0.124 0.000 0.616 -3.616 0.000
-1.169 0.800 1.500 -1.437 0.003 0.000 0.679 -3.642 0.000
-1.217 0.799 1.500 -1.414 -0.118 0.000 0.746 -3.647 0.000
-1.263 0.793 1.500 -1.388 -0.239 0.000 0.818 -3.634 0.000
-1.309 0.783 1.500 -1.359 -0.360 0.000 0.896 -3.601 0.000
-1.354 0.769 1.500 -1.328 -0.479 0.000 0.979 -3.549 0.000
-1.398 0.751 1.500 -1.294 -0.596 0.000 1.066 -3.481 0.000
-1.440 0.729 1.500 -1.257 -0.710 0.000 1.158 -3.395 0.000
-1.481 0.703 1.500 -1.217 -0.822 0.000 1.254 -3.292 0.000
-1.521 0.674 1.500 -1.173 -0.930 0.000 1.353 -3.173 0.000
-1.559 0.642 1.500 -1.127 -1.033 0.000 1.454 -3.040 0.000
-1.596 0.606 1.500 -1.076 -1.132 0.000 1.558 -2.892 0.000
-1.631 0.566 1.500 -1.023 -1.225 0.000 1.662 -2.730 0.000
-1.664 0.524 1.500 -0.966 -1.314 0.000 1.767 -2.555 0.000
-1.695 0.479 1.500 -0.905 -1.395 0.000 1.873 -2.367 0.000
-1.724 0.431 1.500 -0.841 -1.471 0.000 1.978 -2.168 0.000
-1.751 0.381 1.500 -0.773 -1.540 0.000 2.082 -1.957 0.000
-1.776 0.329 1.500 -0.702 -1.601 0.000 2.184 -1.736 0.000
-1.798 0.274 1.500 -0.628 -1.655 0.000 2.283 -1.506 0.000
-1.818 0.218 1.500 -0.550 -1.701 0.000 2.380 -1.265 0.000
-1.835 0.161 1.500 -0.470 -1.739 0.000 2.473 -1.016 0.000
-1.849 0.103 1.500 -0.386 -1.769 0.000 2.562 -0.760 0.000
-1.860 0.043 1.500 -0.299 -1.790 0.000 2.647 -0.496 0.000
-1.869 -0.016 1.500 -0.209 -1.802 0.000 2.726 -0.225 0.000
-1.874 -0.076 1.500 -0.117 -1.805 0.000 2.798 0.051 0.000
-1.877 -0.136 1.500 -0.023 -1.799 0.000 2.865 0.333 0.000
-1.876 -0.196 1.500 0.073 -1.783 0.000 2.924 0.620 0.000
-1.872 -0.255 1.500 0.172 -1.757 0.000 2.975 0.910 0.000
-1.864 -0.313 1.500 0.271 -1.722 0.000 3.018 1.204 0.000
-1.854 -0.370 1.500 0.372 -1.677 0.000 3.052 1.501 0.000
-1.839 -0.425 1.500 0.474 -1.622 0.000 3.076 1.799 0.000
-1.822 -0.478 1.500 0.577 -1.557 0.000 3.090 2.099 0.000
-1.801 -0.528 1.500 0.680 -1.482 0.000 3.093 2.399 0.000
-1.777 -0.576 1.500 0.783 -1.397 0.000 3.085 2.700 0.000
-1.749 -0.621 1.500 0.885 -1.302 0.000 3.064 3.000 0.000
-1.718 -0.663 1.500 0.987 -1.198 0.000 3.031 3.293 0.000
-1.683 -0.701 1.500 1.087 -1.083 0.000 2.985 3.578 0.000
-1.645 -0.735 1.500 1.186 -0.959 0.000 2.924 3.848 0.000
-1.604 -0.765 1.500 1.282 -0.827 0.000 2.849 4.097 0.000
-1.560 -0.790 1.500 1.375 -0.687 0.000 2.759 4.326 0.000
-1.513 -0.810 1.500 1.465 -0.539 0.000 2.654 4.525 0.000
-1.462 -0.826 1.500 1.552 -0.386 0.000 2.532 4.691 0.000
-1.409 -0.836 1.500 1.634 -0.227 0.000 2.393 4.821 0.000
-1.354 -0.841 1.500 1.711 -0.065 0.000 2.236 4.908 0.000
-1.295 -0.840 1.500 1.782 0.099 0.000 2.061 4.949 0.000
-1.235 -0.834 1.500 1.848 0.264 0.000 1.868 4.940 0.000
-1.172 -0.823 1.500 1.907 0.427 0.000 1.655 4.875 0.000
-1.108 -0.806 1.500 1.958 0.588 0.000 1.422 4.749 0.000
-1.042 -0.784 1.500 2.001 0.743 0.000 1.169 4.560 0.000
-0.975 -0.756 1.500 2.036 0.891 0.000 0.894 4.308 0.000
-0.907 -0.724 1.500 2.060 1.029 0.000 0.598 3.992 0.000
-0.838 -0.688 1.500 2.075 1.156 0.000 0.279 3.615 0.000
-0.769 -0.648 1.500 2.079 1.269 0.000 -0.063 3.183 0.000
-0.699 -0.604 1.500 2.071 1.367 0.000 -0.429 2.693 0.000
-0.631 -0.557 1.500 2.050 1.448 0.000 -0.818 2.150 0.000
-0.563 -0.507 1.500 2.016 1.510 0.000 -1.233 1.557 0.000
-0.497 -0.456 1.500 1.968 1.551 0.000 -1.673 0.913 0.000
-0.432 -0.404 1.500 1.904 1.570 0.000 -2.139 0.223 0.000
-0.370 -0.352 1.500 1.825 1.566 0.000 -2.632 -0.511 0.000
-0.311 -0.300 1.500 1.729 1.536 0.000 -3.152 -1.290 0.000
-0.255 -0.250 1.500 1.615 1.479 0.000 -3.700 -2.107 0.000
-0.204 -0.202 1.500 1.482 1.395 0.000 -4.277 -2.964 0.000
-0.157 -0.157 1.500 1.329 1.281 0.000 -4.898 -3.875 0.000
-0.115 -0.117 1.500 1.156 1.138 0.000 -5.471 -4.731 0.000
-0.080 -0.082 1.500 0.966 0.968 0.000 -5.924 -5.453 0.000
-0.051 -0.053 1.500 0.763 0.776 0.000 -6.212 -5.990 0.000
-0.029 -0.030 1.500 0.557 0.574 0.000 -6.120 -6.094 0.000
-0.014 -0.015 1.500 0.360 0.376 0.000 -5.611 -5.722 0.000
-0.005 -0.005 1.500 0.188 0.199 0.000 -4.612 -4.803 0.000
-0.001 -0.001 1.500 0.061 0.065 0.000 -2.924 -3.095 0.000
-0.000 -0.000 1.500 0.002 0.002 0.000 -0.520 -0.557 0.000
0.000 0.000 1.500 0.000 0.000 0.000 0.000 0.000 0.000
